308 10
0.251802 0.229541 0.890349 -1.23679 0.0193072 0.280619 1.03266 0.255468 1.56918 -0.304289 
-0.615792 0.2797 -0.559747 -1.29551 0.32552 1.93269 -0.758483 -1.80314 0.975537 -0.881018 
-0.906804 -2.80347 0.975105 0.306499 0.259561 3.32211 1.67252 -3.24096 4.33908 -0.487666 
-1.19289 1.52254 0.886365 0.192629 -1.15378 0.909548 -2.55855 1.40819 1.60038 -2.39642 
0.613521 -0.464734 -1.82718 -0.77125 -0.575803 0.735614 1.57163 -0.740532 -0.522042 0.347799 
-1.3299 0.865793 1.71382 -0.86836 1.09897 1.71114 -2.54986 -1.77568 1.71735 -1.21082 
-0.0323073 0.549311 -0.392759 0.137789 -0.158425 -0.660951 -0.200261 0.886705 -0.939963 0.584837 
-1.21356 0.925586 0.444002 0.0544033 -1.27853 1.39794 -1.59645 0.0904994 1.54996 -2.30038 
0.67121 -0.0541969 -0.685277 -1.17414 -0.458878 0.79183 1.03907 -0.903959 -0.236867 -0.00960193 
0.650947 -0.201006 0.95782 -1.80403 -0.322259 0.83804 0.268421 0.340615 1.34052 -1.48657 
-0.364609 -1.83985 0.46956 1.12961 -0.399676 1.25558 0.286313 -1.98553 2.17897 -0.228095 
0.1435 -0.862071 -0.699828 -0.425222 -0.850225 0.777879 0.589367 -1.33668 0.396964 -0.37036 
-0.0393389 -0.403277 0.628006 0.193511 0.033573 0.330765 0.376239 0.0995899 0.0142085 0.682127 
-0.655228 -1.21125 2.19089 0.64422 0.422931 1.29998 -1.1442 0.655074 0.636731 0.214863 
-0.556798 0.169744 -0.47912 0.167281 -0.0480519 0.141955 0.470247 0.668057 -0.190157 1.12574 
-0.0228296 -0.759246 -0.699447 -0.493052 -1.39519 1.11955 0.0592963 -1.2217 0.84985 -1.00327 
0.394353 0.673014 0.67857 -1.12298 -0.0956172 0.233286 -0.354019 -0.689553 0.215778 -0.817938 
-0.526147 2.00443 -0.892853 -1.23784 0.532322 0.0487352 -1.01735 -2.22584 0.682265 -1.11192 
0.637677 -0.0133361 0.774706 -1.09912 0.580257 0.394904 -0.118988 -0.869177 0.569073 -1.69044 
-0.111438 -0.659804 -0.554707 -0.305014 -0.772956 0.91931 0.561242 -1.42193 0.45994 -0.533211 
0.290646 -0.872834 1.84713 -0.266613 -0.0514739 1.25298 1.17724 -0.236414 0.057147 1.54736 
-0.0912511 -0.154485 -1.22796 1.65775 -0.0963403 -1.14718 0.582407 0.324666 -1.55751 1.53274 
-0.441914 -0.901517 -0.229463 1.37494 -0.660549 0.15035 -0.0190118 -0.457019 0.579326 0.807087 
-2.16973 2.08089 1.71737 1.33928 2.33287 0.288421 0.625489 -0.454762 -0.586429 -0.0427837 
0.166758 -0.358387 1.09368 -0.214058 -0.00869695 0.649722 0.546068 -0.184398 0.0639849 0.730623 
0.549483 1.25896 -2.73867 0.00647401 -0.410814 -1.76172 1.28849 -0.676711 -1.2645 0.375087 
-0.00176369 1.64649 -0.628417 -0.896768 0.314436 -0.951115 0.0214878 2.00363 -1.89172 0.759156 
0.318139 -0.787255 -0.411082 0.0401267 1.01507 -0.244098 2.02532 -1.5258 -1.01194 1.39467 
0.261056 1.04922 1.35997 -1.10101 0.105465 -0.0527703 -1.05477 -0.580737 0.443871 -1.20728 
2.29875 -0.657105 -0.918256 -1.81597 -1.56178 -0.836939 3.02657 1.86185 0.0406688 -0.965259 
-1.25711 1.28455 -0.527374 -2.58212 1.50213 1.82106 2.44743 1.60617 0.21658 1.51987 
1.0631 0.00614226 -0.0675308 -0.268464 -0.562422 -1.11552 -1.56867 2.33505 0.035961 0.229641 
-0.400417 0.704484 1.18534 0.492859 0.430764 -0.750432 -1.9513 0.239901 0.0485126 -0.915751 
-1.02573 0.58277 1.05205 -1.46618 1.0233 1.96868 -0.800848 -1.54811 1.9135 -0.975702 
-0.0774688 0.568794 -0.445897 -0.147328 0.00430515 -0.458185 0.0869806 0.903964 -0.866499 0.677821 
-0.270345 -1.71205 1.89144 1.60676 0.657318 -0.0113636 0.782103 0.728254 -0.186083 2.6217 
-0.493282 0.541651 -0.581885 0.722792 0.304338 -0.442255 -0.4448 -0.614523 -0.552206 0.556231 
-0.590647 0.354941 0.255604 -0.120009 0.00090812 0.34241 -0.547999 0.477974 0.131745 0.453459 
0.514829 0.461818 -0.114973 -0.371776 -1.26118 -0.527298 -2.14486 2.38894 0.506601 -0.690307 
-2.22236 1.0819 0.794358 1.60113 0.51977 1.7298 0.693195 0.832898 0.14817 0.186656 
0.46144 -0.0609398 -2.32257 1.7478 -0.531938 -2.02022 1.62674 0.68036 -2.23347 1.83454 
-1.01169 2.00925 -1.30385 -1.15479 0.535589 -0.274619 1.11053 3.00405 -1.90854 2.46461 
-1.33564 -0.677732 -0.274225 2.45659 0.714982 -0.890458 -0.160978 0.917343 -0.0997084 0.812667 
0.116849 -0.925524 1.44511 0.335831 0.142931 0.402193 0.539704 0.19435 0.0273234 1.40655 
-0.655623 -0.338733 0.24016 1.70225 0.367121 -0.78685 -0.52451 0.975703 -0.364874 0.838547 
0.109293 0.90261 -0.941969 -0.111242 -0.0346649 -0.0930436 0.261226 -1.81131 -1.20611 0.796494 
0.769081 0.177471 0.799761 -1.20109 0.593695 0.197658 -0.262286 -0.764542 0.350826 -1.85341 
0.108637 -0.722611 -0.475781 -0.203038 -0.132338 0.428355 1.01465 -1.35489 -0.0672936 0.171811 
-0.075505 1.45805 -0.0148936 -0.518821 0.183791 -1.0956 -1.93382 -0.0982198 0.385586 -2.06666 
1.51846 -1.30824 -0.730235 -0.162885 -1.08689 -0.773049 2.89154 2.1833 -0.673411 0.521355 
-2.57397 -0.244057 -1.05527 1.58002 -1.40132 1.89445 0.90973 -0.585083 1.0471 1.48021 
-0.0254896 0.0634454 -0.246486 -0.067387 0.450499 -0.0589725 0.648265 -0.7143 -0.345471 0.126193 
-0.127217 -0.458821 0.386397 0.744244 0.0493047 0.199272 -0.0650031 -0.0138439 -0.707189 0.93128 
0.344051 -1.24802 -0.0762782 1.42418 -0.414186 -0.62496 0.988864 1.55204 -1.10448 1.30636 
-1.37328 0.0404733 -0.585259 -0.529547 0.459747 1.52121 1.75021 0.691704 0.784832 1.86893 
0.781036 -0.629163 -0.314576 -0.05088 0.841496 -0.871944 1.15302 -0.229006 -1.04298 1.49757 
0.00401214 0.866091 2.18816 -0.548394 0.333566 -0.194681 -1.34461 -0.154764 0.573598 -0.824113 
-0.746937 -0.245531 -0.0340549 1.62283 0.404345 -0.222367 -0.602619 -0.0406946 -0.832991 1.24322 
-0.466796 -1.54345 0.858904 -0.584759 0.549788 2.43336 1.23115 -2.1577 2.95427 -0.794601 
-1.25177 -0.126723 0.248151 0.644194 1.63708 0.956778 2.75978 -3.10863 -0.683292 0.700871 
-0.186436 0.147537 -7.19943 0.814339 -0.702448 -1.60859 0.435128 0.350848 -1.12301 -1.51347 
0.870055 0.271085 0.246554 -1.56194 -0.538711 0.0777749 0.144894 -0.0289701 0.856584 -1.55411 
0.285687 -0.444314 0.588018 -0.198394 0.0996706 0.451142 -0.183348 -1.06358 0.813867 -1.17117 
-1.30525 1.1783 1.35585 0.765731 0.28393 0.56085 -0.940031 0.836384 0.564278 -0.713648 
-0.917516 -0.205854 -0.68739 2.08512 0.466601 -1.52519 -0.661138 1.59111 -0.0516254 0.443542 
0.866862 -0.780956 0.96462 -0.890688 -0.262057 0.52883 0.272181 -0.25335 1.07948 -1.49132 
-0.877013 0.0394749 0.101612 0.014179 0.650796 1.08209 1.56834 -2.37614 -0.159032 -0.424173 
0.513526 -0.983989 1.8659 0.441448 0.269878 -1.02174 -0.952799 0.524998 0.239934 0.945758 
-0.148215 -0.650123 1.38283 0.520294 0.134985 0.950574 -0.302409 -0.450581 -0.636333 1.07809 
-0.822716 0.659563 0.039376 0.463034 0.579586 0.0834917 -1.24553 -0.846502 -0.136804 0.21434 
-2.69155 1.01348 0.273761 0.131881 -0.0733334 1.48404 -1.10485 1.97066 0.484705 2.88027 
1.03406 -1.48114 -0.852167 -0.270185 0.667737 -0.536085 2.12901 -1.43463 -1.11679 1.80119 
-0.402118 -0.0836368 0.701577 0.809099 0.303958 -0.410809 -0.570062 0.601222 0.112378 0.24255 
-0.361072 -0.175976 -0.806768 1.68187 0.101851 -0.85492 0.131406 0.206627 -1.3213 1.4541 
-0.42816 0.608724 -1.53604 2.71845 -1.60102 -2.50155 -1.25499 2.19483 -2.6585 2.67969 
1.85853 -1.87666 -1.26548 -0.637328 0.0560741 -1.04274 1.51274 -0.531264 -1.08947 1.94864 
0.452325 0.563073 2.41956 -1.32562 0.0578674 0.730411 -0.351007 -0.812643 0.457471 -0.330331 
0.32255 -0.0667418 -2.13055 1.79531 -0.435631 -1.88329 1.40828 0.59821 -2.12023 1.79949 
-1.05161 0.778409 -0.917238 0.304306 -0.463887 0.0791685 0.381359 1.00769 -0.791986 1.36234 
0.949482 -1.45179 0.687253 0.175241 -1.82556 -0.179716 -1.85295 2.65503 0.980033 0.648837 
-0.0712606 -0.918427 1.11716 1.02941 0.0110158 0.850426 0.0612367 -0.392023 -1.38174 1.854 
0.369333 -0.270099 -0.770006 0.843083 -0.0709165 -0.769836 0.550267 -0.4449 -0.676753 0.239953 
-0.143409 1.62345 -0.354521 -1.0566 0.526555 -0.336994 0.455988 0.246883 -1.75918 -0.437111 
-0.0408763 -0.494409 0.392496 0.408085 0.0918968 0.0524078 0.247254 0.220834 -0.04828 0.716201 
-0.472875 -0.172977 0.649803 1.22704 0.289819 0.4257 -0.373337 -0.980923 -1.45411 1.88965 
0.500827 -0.420995 -0.238655 0.285855 -0.0839698 -0.335265 0.452795 -0.465705 -0.0760634 -0.34555 
2.30558 -1.54807 -1.25817 -0.948839 -1.10019 -1.38793 -0.478895 1.46016 -0.406439 1.13048 
-0.537843 -1.0897 1.42266 1.47191 0.332075 0.235777 0.409488 0.940608 -0.0113631 1.82005 
0.565515 0.755675 -0.300699 -1.08607 -0.380532 -0.344157 -0.211847 -0.386303 0.341632 -1.1426 
0.156918 -0.283949 0.232229 -0.662052 0.263395 0.670955 0.561815 -0.675261 0.812077 -0.641832 
0.156749 0.805469 -0.0954698 -0.968912 0.478777 -0.193441 0.225431 0.763911 -0.665793 -0.0208642 
-0.574039 0.609852 0.461055 -0.585637 -0.273616 0.972889 -0.838326 0.943509 1.33431 -0.989483 
0.0702019 -0.375984 0.953921 -0.0038482 0.0100232 0.538536 0.433706 -0.0431173 0.0020728 0.736029 
-1.34735 0.569517 0.919999 0.399316 0.980764 0.909561 -2.05243 -1.32035 0.5447 -0.00391065 
-0.606605 -0.904706 -0.22575 1.22459 -0.531185 0.416056 0.204526 -0.433359 0.738003 0.971255 
0.649293 -1.50717 -0.862926 -0.230826 0.503821 0.00624143 2.31496 -2.08716 -0.824642 1.41026 
-0.206309 0.46822 0.724528 0.162178 0.256135 -0.457777 -0.931074 0.19761 0.236821 -0.504785 
-0.835333 0.648714 -0.0722102 0.474365 0.595467 0.129067 -1.09501 -1.01393 -0.0658139 0.245268 
-1.38638 -0.855418 -0.864031 1.82136 -0.837845 0.528427 0.634285 0.320924 0.571245 2.51347 
-0.226585 0.0525882 -0.0397326 -0.0716612 -0.590431 0.452175 -0.44436 -0.0495598 0.502371 -0.666285 
-0.0752205 -1.3001 0.0927992 0.759612 -0.101774 0.777547 1.44014 0.351085 -0.316467 1.86367 
-1.00663 0.61833 0.253695 0.455956 0.724147 0.391217 -1.41188 -1.11787 0.133265 0.159258 
0.781824 0.72335 0.529825 -1.43335 0.668135 -0.218484 -0.236976 -0.0471418 -0.363379 -1.53213 
0.299061 0.132132 0.166126 0.16765 0.867846 -0.794828 0.323255 0.493799 -0.77776 0.920046 
-0.616075 -0.106477 0.236515 1.22261 0.372171 -0.725444 -0.721379 0.884205 0.0918826 0.180043 
0.212787 -0.403035 -0.0125008 0.266427 -0.184765 -0.174161 0.402531 0.515085 -0.262587 0.29532 
0.987848 1.68337 0.476462 -2.49372 1.13729 -0.464374 -0.176556 0.762921 -1.14082 -1.76399 
0.580279 -0.0959634 0.0730979 0.173437 1.33026 -1.18205 0.89739 0.320135 -1.23871 1.57592 
-0.768774 -0.625914 0.373 1.75642 0.411769 -0.556599 -0.31067 1.22676 0.00931287 0.940028 
1.07746 -0.870762 -0.64406 0.235202 -0.850627 -0.82816 1.79727 1.47617 -0.763471 0.462276 
0.242087 1.2554 -0.937139 0.860821 -0.659039 -2.21109 -1.0563 1.99568 -2.64295 1.12044 
2.17907 -2.12455 -1.61619 -1.03161 -1.19964 -0.780381 0.521792 0.0167877 -0.347076 1.17619 
-0.521235 -0.301121 3.58374 0.897644 0.638866 0.189055 -0.757444 0.69758 0.502612 1.11764 
0.345264 -0.901768 -0.758288 1.57325 -0.428074 -1.04867 1.15871 1.2666 -1.47568 1.49623 
-0.263417 0.92033 -1.29859 1.59839 -1.02829 -2.07122 -0.844842 2.15206 -2.48 2.11553 
2.18485 -1.58162 -1.4719 -1.24997 -2.36062 -0.699181 -1.40814 1.59712 0.533402 -0.0197967 
0.316691 -0.341726 1.58386 -0.521016 -0.0477847 0.94475 0.627155 -0.414772 0.0765333 0.82759 
0.627212 -2.78128 2.04194 1.05656 -0.596462 0.616747 0.943454 2.91588 -0.139768 0.884679 
0.240443 -2.12241 0.233741 1.21391 0.316216 0.139869 0.583772 -0.16839 1.55788 1.96561 
1.05194 -0.543578 -0.287939 -0.599776 -2.12407 -0.191047 -2.22291 2.33932 1.05316 -0.652296 
-0.943315 -0.240307 -0.65999 2.13405 0.486893 -1.53289 -0.672573 1.6592 -0.0141524 0.442099 
-0.819879 0.278952 -1.69796 0.813607 0.77858 -0.0377097 1.48729 -0.931165 -0.569393 1.52546 
0.438497 -1.19428 0.148223 0.721329 -1.92319 0.121852 -2.45313 1.81089 2.44084 -0.35952 
-0.117164 -0.116605 -0.459629 0.0802679 -0.088211 0.368336 0.580104 -0.0439031 -0.143529 0.254038 
-0.130187 -1.81331 1.19551 2.4114 0.803704 -0.209625 -0.894608 -0.465625 -0.113707 -0.174896 
1.01767 -0.624588 -1.86951 2.1216 -0.0821173 -2.16196 1.2742 -0.823292 -2.02276 0.560845 
0.705969 0.437219 0.198007 -0.284018 0.0802327 -0.817486 -0.640894 0.0864512 -0.767097 -0.899777 
-1.86037 1.76677 1.36419 0.887098 1.02129 0.698042 -0.366832 -0.101024 0.267284 -0.979502 
-0.869017 -0.151849 -0.357178 1.80404 0.462872 -1.17108 -0.939526 1.25589 0.0278118 0.124998 
0.0855572 0.315272 1.01676 -1.67805 0.101128 1.07539 -0.580709 -0.499041 1.47149 -1.49544 
0.911858 -0.0543649 0.486954 0.00864314 -0.020647 -0.720641 -0.86592 -0.605449 -0.331527 -1.41243 
-1.86556 2.12566 1.57938 0.913355 0.835526 0.507263 -1.15896 0.768871 0.472664 -1.26246 
-0.277897 -0.257734 -2.97377 0.914497 -0.171154 -0.83512 0.236776 0.518634 -0.456045 -0.249001 
0.137188 3.84915 -2.54169 -3.49908 0.250315 -0.373672 -0.50644 -3.75151 1.29419 -2.77238 
1.06287 0.285851 0.205634 0.357654 -0.287566 -1.47716 -1.28626 -0.0249011 -1.16334 -1.15063 
0.278528 0.0472293 -0.104071 -0.25788 -0.937185 -0.0138037 -1.19187 0.980177 0.597623 -0.653867 
-0.225965 0.141739 -1.82775 0.519323 -0.0292145 -0.802211 -0.31143 0.345859 -0.18766 -0.597479 
0.548158 0.163303 0.507543 -1.63953 -0.258127 0.578603 0.229894 -0.0042887 1.108 -1.34246 
0.498753 -0.810278 -0.00814234 1.85596 -1.00021 -1.11945 -1.20031 -0.616828 -0.303247 -0.204163 
0.733106 -1.32076 -0.801876 -0.210118 0.662152 -0.277447 2.18118 -1.70142 -1.04129 1.5729 
0.0903593 1.02465 1.07653 -0.750137 0.173497 -0.313578 -1.20681 -0.389008 0.382894 -1.21229 
0.57338 1.63959 -2.1786 -1.23525 -0.310559 -1.01377 0.819875 -1.24342 -0.217335 -0.771623 
0.0681564 -0.195185 -0.158682 0.83992 -0.471545 -0.536234 -0.442226 0.031298 -0.32928 0.25995 
-0.490828 0.981591 0.79539 0.485315 0.859142 -0.421875 -0.470639 0.894714 -0.248659 0.0611282 
-0.271055 0.3529 2.17567 0.213216 0.438469 -0.18122 -1.03711 0.256409 0.427137 -0.0472107 
1.30438 -2.33463 0.201439 1.24674 -1.12899 -0.810687 2.34865 3.15653 -1.20253 1.34283 
2.00946 1.32877 0.74075 -1.35153 0.555113 -1.91383 -1.57167 0.17443 -1.92773 -2.82986 
-0.387099 -0.127099 0.0490893 0.24636 0.845638 0.229038 1.337 -1.32208 -0.50696 0.510359 
0.654129 2.72848 -0.604351 -2.51915 -0.131945 -0.995363 -2.31608 -1.46767 0.476465 -3.92539 
1.38234 -0.225304 1.89863 -3.77881 -0.679368 1.62272 0.601348 0.655736 2.78293 -3.08791 
0.622824 -1.87648 0.646405 1.99153 -0.897728 -0.241234 -1.07806 -2.16921 1.16619 -1.183 
-2.9117 2.31591 1.94054 1.45441 2.24261 1.1215 0.758726 -1.34468 -0.135539 -0.817934 
0.689994 -0.0775381 -0.509882 -1.27078 -0.462497 0.884452 1.07785 -0.942047 -0.192926 0.0330535 
-0.989412 -0.286388 0.386764 1.62959 0.600282 0.0925738 -1.03553 -0.210479 -0.595712 1.14355 
-0.0605607 -0.466203 0.400861 -0.37033 0.292487 0.854512 0.371032 -0.807986 1.02208 -0.511917 
-0.941681 1.58982 1.09412 0.496497 0.119832 0.0235926 -1.71479 1.6041 0.57518 -1.10417 
1.33707 -0.0640827 -4.57314 -2.212 -1.25982 0.91636 2.36776 -1.74619 -0.860701 -0.783472 
-1.2155 -0.311029 0.829242 1.60582 0.782275 0.424514 -1.46939 -0.336416 -0.346369 1.03658 
0.908898 0.0746995 1.37764 -2.42826 1.40458 1.20008 0.375086 -1.49778 1.25787 -2.867 
0.870094 -0.264572 -0.246499 -0.278797 -0.378232 -0.779059 -0.741161 1.30289 -0.0831443 0.35197 
0.748456 0.446804 -0.973703 -1.58385 -0.486841 0.530606 0.578988 -1.10163 -0.146153 -0.778815 
-0.776246 0.620853 -0.176285 0.487792 0.548319 0.0486235 -0.986489 -0.99967 -0.132516 0.268247 
0.00761626 0.274229 -0.479847 0.406841 -0.284847 -0.708315 -0.195329 0.807691 -0.843428 0.799353 
0.553196 -1.53736 0.678829 0.534761 -0.454822 -0.185344 -0.082815 0.995406 0.130816 1.49887 
-0.935098 0.452644 -1.36669 1.319 0.52644 -2.15874 -0.821392 1.99131 1.23547 -1.13589 
0.757734 -0.296057 1.05211 -1.59157 -0.339492 0.624322 0.408688 1.01593 0.81871 -1.15617 
-1.14592 -0.324032 -0.863887 1.13354 -0.609731 0.327999 0.605486 0.725741 0.159919 2.24172 
0.0486719 -0.161998 -0.128663 -0.0749531 -0.137623 0.118311 0.10958 -0.227948 0.0632365 -0.0291327 
0.462139 0.283468 -0.159392 -1.00105 -0.24882 0.39372 0.279783 -0.697188 -0.033844 -0.41287 
-1.15979 0.133345 0.651712 1.04723 0.808861 0.503657 -1.53893 -0.772117 -0.0358457 0.577473 
1.20289 1.7611 -0.270335 -0.366365 -0.0942453 -2.50164 -1.49977 1.67541 -2.92019 -0.715961 
-1.80842 2.40598 1.87772 1.18023 1.7211 -0.0999762 -0.87869 1.12873 -0.122868 -0.581354 
-0.61374 0.382479 -0.180604 0.991536 0.387001 -1.09042 -1.23911 0.761011 0.167443 -0.619947 
-1.10616 -0.296242 0.591791 1.64533 0.69353 0.264998 -1.24576 -0.280848 -0.501182 1.10999 
1.27179 0.94299 0.260489 -0.397013 0.0503086 -1.68043 -1.30176 0.434729 -1.66205 -1.48944 
1.0747 -0.745687 -0.687668 -0.637613 -1.36039 -0.306825 -1.02025 1.00549 0.478276 -0.227996 
0.0703054 -0.899287 1.38707 0.223977 0.0127812 0.879759 0.95625 0.0828608 -0.0249113 1.54051 
-1.01744 1.44095 0.13638 -0.69479 0.861361 0.704857 -1.77956 -2.0816 0.88089 -0.849177 
0.444658 0.763022 0.576038 -1.94231 1.02355 0.465049 0.326869 -0.0415816 0.0766704 -1.36804 
0.683562 -0.26308 -0.239747 -0.264426 -0.484438 -0.496734 -0.658105 0.964693 0.0650471 0.141998 
-0.0957644 -1.73876 -1.05511 1.09633 -0.230803 0.709402 2.00816 0.543892 -0.528277 2.18435 
-1.28774 0.534472 0.810071 0.444195 0.954595 0.828899 -1.92692 -1.31365 0.468974 0.0289354 
0.984088 0.17741 0.510212 -0.223168 0.0787236 -0.796324 -0.870632 -0.429102 -0.516966 -1.5176 
0.187631 0.596922 0.517149 0.29751 0.758678 -0.969442 -0.532358 1.39526 -0.504896 0.604543 
-0.611993 -0.00248198 -1.16764 1.23502 0.217976 -1.01079 -0.63498 0.851924 -0.0558662 -0.262774 
-1.62027 0.483718 1.48024 0.40186 1.21469 1.33479 -2.56821 -1.51437 0.855718 -0.134608 
0.770044 0.675874 0.23212 -0.51656 0.188113 -0.87714 -0.665672 0.278243 -0.952172 -1.00134 
-1.11553 1.80175 1.34834 0.731224 0.826209 -0.177516 -1.27478 1.43559 0.175213 -0.699885 
0.316877 -1.15637 -0.57332 0.0172254 -0.344873 0.980464 1.79732 -0.148023 -0.396662 1.48963 
-0.520501 0.414796 -0.271298 0.466819 0.351864 -0.0768724 -0.593977 -0.673712 -0.233824 0.294246 
-1.00814 -1.56412 -0.647308 2.51255 -1.21411 0.322359 0.170611 -0.48875 0.946204 2.00481 
0.552805 -0.0611065 -0.452141 -0.522511 -1.05112 -0.0802001 -1.06978 0.85827 0.536829 -0.663532 
0.811675 1.67954 -0.679603 -3.37454 -0.256847 -0.0626372 0.135097 -0.688512 2.38877 -3.35298 
1.61592 -1.23218 1.83649 -2.43458 -1.01868 1.12627 1.09368 1.45048 1.90759 -2.14868 
0.889619 0.436819 0.658381 -1.0376 0.246655 -0.230109 -0.812306 -0.138853 0.0148296 -1.92271 
0.212506 0.260606 -0.790268 -0.494621 -0.182173 -0.0059134 0.0970856 -0.363729 -0.0880428 -0.494185 
0.992531 -1.11304 1.52757 -0.956977 -0.602585 1.24739 0.873152 0.333191 -0.0679822 0.115981 
0.0208672 0.281872 1.81119 -1.49605 0.250892 1.2011 -1.73302 -0.964691 1.66756 -2.05877 
-1.30965 -0.362087 0.882234 1.33606 0.147737 1.18129 0.0323193 -1.16377 1.61761 -0.313833 
1.56767 0.402518 -3.1803 -2.94295 -1.20369 1.18734 1.93312 -2.15948 -0.62265 -1.11961 
1.73727 0.786818 -0.438352 -3.60944 -0.973777 0.204856 1.54197 -0.0652973 1.64766 -2.70052 
0.776076 -2.14861 1.20839 1.31587 -0.517084 0.484928 -0.882676 -3.025 2.08825 -2.13227 
-2.2451 1.5943 2.11013 1.49025 1.51485 0.811996 -0.011884 -0.0158598 0.176669 -0.302968 
-0.0958896 0.678998 0.760183 -0.579601 0.264083 -0.448928 -0.635776 0.331679 1.15446 -1.16147 
0.625829 -0.293097 1.9533 -1.76163 -0.398991 1.09467 -1.00296 0.118433 1.71148 -2.10431 
0.311465 -0.311641 0.36173 -0.203672 -0.291788 0.266285 -0.599342 -0.278534 0.814979 -0.988853 
2.11904 -2.03389 -0.0240987 -0.792947 -0.334004 -1.6283 -0.201379 -0.334919 -0.286435 1.24275 
-0.455197 0.0929771 0.202732 -0.413271 -0.438145 1.35829 0.252765 -1.41326 0.414372 -0.869529 
0.775943 -0.0975134 3.2919 -3.45441 0.572168 1.92647 -1.58349 0.591029 2.95996 -2.45258 
0.787466 -0.281421 0.571104 0.360462 -0.379343 -0.530067 -1.09458 -1.14686 -0.0117438 -1.77308 
0.121043 -0.253076 0.0752477 -0.0376131 -1.46615 0.428445 -1.76579 0.991498 1.55633 -1.12438 
-0.143581 -1.43681 0.144623 0.340359 -0.589106 0.905517 0.942712 -1.00406 0.298518 0.699074 
0.177924 0.393545 0.234472 -1.11414 -0.353982 0.967034 0.315945 -1.2297 0.331175 -0.851928 
0.696732 0.858888 -3.05129 0.664653 -0.606084 -2.16457 1.76084 -0.102482 -1.87422 0.994939 
0.747857 1.66597 -0.0166695 -1.44508 0.60297 -1.11718 -0.454567 1.31519 -1.8292 -0.767846 
-0.938984 0.315595 0.274626 0.331623 0.427592 0.764416 0.730427 -1.26992 0.0576894 -0.334166 
1.02951 0.515128 -0.407814 -2.17505 -0.594263 0.993189 0.797338 -1.5163 -0.101976 -0.734847 
0.177226 -0.989506 1.13106 0.0349969 -0.152394 0.569446 0.107465 0.956476 0.329366 -0.0123939 
-0.793511 0.530583 -0.517384 -0.702233 0.410291 0.673548 1.08992 0.99711 -0.0731178 1.28471 
-1.21844 0.626077 0.291273 0.0611254 -1.08532 1.54958 -0.928858 -0.648852 1.39264 -2.05244 
-0.615044 0.382685 -0.180175 0.982413 0.374293 -1.09403 -1.23663 0.780443 0.191153 -0.611733 
-0.00480656 0.322955 0.499643 -1.00915 0.0929877 0.590894 -0.416036 -0.440083 0.863289 -0.914848 
-0.751889 0.559046 -0.815507 0.0298636 -0.00605028 -0.00620691 0.670418 1.3367 -0.658723 1.74803 
-0.452607 -0.0232626 -0.0494599 0.0191793 -0.27929 0.697763 0.227846 -0.846431 0.338522 -0.559907 
0.470405 0.284129 -0.190364 -1.04147 -0.271425 0.426935 0.283959 -0.718245 -0.036451 -0.443214 
0.140732 -1.43973 1.29056 0.63118 -0.166426 0.507699 0.17956 1.39461 0.0307722 0.452068 
1.17233 0.832935 0.57909 -1.02281 0.401157 -0.943669 -0.932126 0.0111665 -0.935583 -1.87681 
0.736876 -1.04506 -0.835425 -0.492637 -0.787134 0.101906 0.410103 -0.581496 0.065977 0.19581 
-0.429653 0.795095 1.27654 0.327047 0.474837 -0.851061 -1.67774 0.401923 0.480194 -0.922644 
0.347187 1.24682 -2.45539 0.0732453 -0.270845 -1.52553 0.920252 -0.772694 -1.11343 0.356668 
-0.136317 1.30621 -0.128998 -1.93333 1.00429 0.369679 0.850358 1.16813 -0.613585 0.0799384 
-0.515445 0.126499 0.13493 0.218609 0.444287 0.362101 0.639038 -0.849452 -0.153632 0.0336021 
0.000525501 -0.648481 -1.80561 0.445307 -0.273808 0.1029 1.03619 0.166194 -0.444173 0.622183 
-0.41348 -1.12281 0.96111 1.41926 0.180762 0.269919 -0.340355 0.892588 -0.429615 1.03316 
-0.363797 -0.356991 -0.50852 1.308 -0.699953 -0.445871 -0.211047 0.290985 -0.287633 1.12958 
-2.21494 0.974249 0.727983 0.679994 0.471174 1.904 0.846768 -2.36102 0.613286 -1.4307 
0.950081 0.748742 -3.6026 -1.93704 -0.899742 0.209479 0.847128 -1.41612 -0.54435 -1.65913 
-0.273779 0.711696 -1.1727 0.577434 0.176023 -0.74276 -0.0389003 -0.680516 -0.746415 0.54578 
0.526846 -0.136268 0.48815 -0.23086 0.109176 -0.089156 -0.395623 -0.610921 0.197138 -1.0862 
0.360235 -0.172537 0.162433 0.456947 2.25254 -1.25123 2.07006 -0.470178 -1.90374 2.41 
-0.665533 -0.01621 -1.33726 1.36715 0.240436 -1.12557 -0.697643 0.940614 -0.075518 -0.263854 
-1.02493 0.754423 -0.703012 1.26905 0.663013 -0.406054 -1.0253 -1.12059 -0.750291 0.913209 
0.629585 -0.222942 0.481212 0.0725834 -0.0624355 -0.329803 -0.665591 -0.698175 0.091967 -1.17615 
0.243886 0.0142557 0.170617 0.271876 1.29101 -0.829358 0.934353 0.0633769 -1.06079 1.35739 
0.0871416 1.50941 0.449654 -0.924901 0.156632 -0.729159 -1.74978 -0.435882 0.452631 -2.04993 
-0.0506969 0.319053 -1.57003 1.22795 -0.0796933 -1.23511 0.567952 -0.0738074 -1.40878 1.18546 
0.0255237 2.50335 -0.660382 -2.20285 1.03045 -0.753016 0.524564 2.66445 -2.3318 0.616908 
-0.817181 0.624725 0.680421 0.734022 1.96483 -0.198234 1.5303 -0.921891 -1.07916 1.03152 
-0.334624 0.932272 -0.0186591 0.168828 0.287271 -1.01887 -1.53911 0.266061 0.298844 -1.34085 
-0.831613 -0.245036 0.0509164 1.69751 0.471546 -0.190522 -0.718477 -0.0877271 -0.821551 1.26455 
-0.53803 0.36453 -0.800938 0.645531 -0.362129 -0.494112 0.147572 1.1668 -0.896699 1.58208 
-0.314172 -0.236826 -0.0819499 0.177984 0.725323 0.250336 1.37481 -1.37812 -0.499113 0.539802 
-0.455622 0.668956 2.72166 0.358767 0.647009 -0.552108 -1.74804 0.453896 0.667837 -0.484712 
-0.720577 -0.230759 -0.193943 1.72681 0.389205 -0.349667 -0.508083 -0.0163391 -0.958534 1.33333 
-0.698511 0.686798 -1.10557 0.656118 -0.381604 -0.696393 0.244884 1.75208 -1.36116 2.13282 
-0.387311 1.18931 0.942658 0.54119 1.10416 -0.797672 -0.673085 1.49039 -0.442357 0.322925 
-1.22707 -1.35194 1.38312 2.91789 0.750574 -0.603235 -0.188608 1.95912 0.0688155 2.11198 
0.00041043 -0.111352 -1.63166 1.83774 -0.176941 -1.48845 0.867417 0.427093 -1.86763 1.7472 
-0.285867 2.25594 -0.99965 -1.39815 0.611334 -0.931708 0.477036 2.84677 -2.44138 1.40259 
-0.312176 -0.413614 0.708965 0.553062 -0.128827 0.299653 -0.114678 0.380328 0.265638 0.448545 
-0.302088 -1.28927 -1.97997 1.83564 -0.218111 0.0752983 0.83775 0.291642 -1.61395 1.82784 
0.688302 -0.547619 -0.825021 0.720409 -0.590801 -1.02097 1.24634 1.07085 -1.0359 0.751329 
2.16693 -2.05582 0.933768 0.667737 0.993217 -1.64093 -0.415896 0.343081 0.5931 0.990288 
0.374452 -0.783128 -1.32408 -0.108825 -0.733212 0.585018 0.983986 0.20297 -0.213477 0.649731 
1.03156 -2.04881 2.05914 -0.881422 -0.700197 1.1059 0.926409 2.17891 1.06205 -0.79439 
0.182569 -0.583755 -1.24421 0.37281 0.103073 -0.362304 1.69885 0.235619 -0.773801 1.46454 
2.18005 -1.91417 -1.02367 -1.22711 -0.317089 -0.642631 0.990151 -1.00492 -0.523527 0.544726 
0.696606 -1.01531 -0.652072 -0.208887 0.406753 -0.338358 1.47854 -1.02892 -0.784406 1.2314 
-1.40988 -0.614983 3.0873 2.74028 1.10785 -0.935346 -1.50349 2.02885 0.597634 1.34962 
-0.259847 -1.04753 -0.968131 3.00033 -0.087884 -1.34773 0.711319 1.17349 -2.28075 2.61525 
-1.31796 1.16466 -1.71805 0.798634 -0.430154 -0.755427 0.660539 2.80026 -1.89779 3.44985 
0.583118 -0.65745 -0.332736 -0.0265056 0.783198 -0.602303 1.26385 -0.533146 -0.925064 1.33622 
0.0730638 0.233794 -1.09175 -0.18973 -0.141743 -0.239569 -0.0325445 -0.138258 -0.134577 -0.521377 
-0.600204 -1.0985 -0.30724 2.95684 0.172228 -0.82521 0.0749314 0.956199 -1.86753 2.42724 
-0.556223 -1.82243 0.282786 1.28459 -0.484483 1.24066 0.419461 -1.68585 2.06785 0.252757 
-0.737866 1.27555 0.954321 0.474181 0.471586 -0.172268 -1.12353 1.24684 0.193184 -0.55602 
1.09552 1.13762 -2.30526 -2.47628 -0.770604 0.337115 0.383294 -1.71335 -0.25405 -1.99757 
-0.151959 1.79763 -1.60841 -0.803019 0.209593 -0.623558 -0.213261 -1.72592 -0.0334112 -0.571489 
-0.699911 0.156842 -0.259212 -0.681624 0.477533 0.961185 1.12927 0.401975 0.441201 0.857476 
-0.0683228 0.216658 0.181605 0.109593 0.21958 -0.14178 -0.117637 0.255018 -0.0728288 0.0497295 
0.439018 -0.0903492 -1.32655 -0.659372 -0.405373 0.37038 0.8466 -0.548919 -0.330866 -0.0907679 
-0.0670448 0.646058 0.745192 -1.63492 0.197401 0.930052 -0.723749 -0.847005 1.39181 -1.49427 
-0.573488 -0.270003 0.0493986 -0.575361 0.433348 1.19649 1.03912 -0.256591 0.987447 0.375783 
-0.0347339 -0.516985 -0.453781 -0.251228 -0.620929 0.65727 0.422694 -1.04856 0.346457 -0.382128 
0.633531 -0.0638334 -0.876278 -1.09896 -0.459567 0.690128 1.01013 -0.850756 -0.268244 -0.0368403 
0.756812 0.00291307 0.768566 -2.06153 -0.392127 0.773746 0.380531 0.212947 1.40478 -1.67417 
-0.277609 -0.0653347 -0.193572 0.210593 -0.0967289 0.108078 0.177452 0.174062 0.0313176 0.517089 
0.221632 0.0879319 0.0856582 0.0314293 0.229556 -0.433798 -0.157746 0.537199 -0.212891 0.301335 
1.50306 0.948993 -4.00288 -2.99279 -1.2002 0.644343 1.33148 -2.20851 -0.687081 -1.9852 
-0.0736806 -0.915987 1.37837 0.0705757 0.0328692 0.794331 -0.308683 0.712781 0.501773 -0.0850919 
0.803256 0.196311 0.663728 -0.924125 0.432054 -0.0826434 -0.404995 -0.623527 0.0829021 -1.67467 
0.694111 -0.00991091 -0.0209958 -0.167786 -0.207277 -0.761914 -0.833968 1.40243 -0.0439046 0.269942 
0.702287 0.323148 0.270165 -1.49124 -0.330436 0.742072 0.476078 -1.03087 0.0118296 -0.395885 
-0.159336 -0.296331 -0.335194 1.02092 0.0181274 -0.445797 0.157357 0.311649 -0.764981 0.878665 
0.130471 -1.58824 0.544875 1.22636 -0.557454 0.496856 -0.380876 -1.82617 1.53321 -0.700164 
-0.536896 0.374115 0.0311444 -0.258539 -1.62174 1.0748 -1.62276 0.32316 1.4837 -1.98333 
0.329105 1.035 1.4908 -1.27938 0.0848967 0.0778427 -0.98111 -0.677998 0.491536 -1.20678 
0.860682 0.197474 -0.0210389 -1.69685 -0.503597 0.18104 0.769341 0.170541 0.818972 -1.26595 
0.402643 -0.287966 0.446168 -0.148452 0.0690156 0.0965186 -0.252457 -0.720358 0.436086 -0.934157 
0.550247 -1.00688 -0.876033 -0.635409 -1.40803 0.596375 -0.0627576 -0.687122 0.64663 -0.564399 
0.0149872 -0.281654 -0.807962 0.196738 -0.125631 0.0161729 0.441008 0.0599885 -0.213167 0.253303 
0.861391 0.183888 -0.0196712 -1.7044 -0.503264 0.180958 0.768898 0.166751 0.829585 -1.27686 
-1.49495 -1.25596 -1.21603 3.09002 -1.51096 -0.0483033 0.224549 0.408195 0.275948 3.20317 
-0.026369 -0.130253 0.0593807 0.22503 1.02531 -0.308434 1.17857 -0.667222 -0.787967 0.957577 
0.190613 0.125765 0.650237 -0.479067 -0.0337769 0.262063 0.0207351 -0.303768 0.101843 -0.0620055 
2.28491 0.621339 -0.296603 -4.42793 -1.32514 0.324989 2.11415 0.382175 2.03503 -3.27396 
0.414459 -0.244895 0.179326 0.583291 -0.370029 -0.545678 -0.704814 -0.382438 -0.134232 -0.488654 
-0.755396 1.09944 0.700372 0.231308 -0.357158 0.339847 -1.53019 1.04789 0.776031 -1.23797 
