12 10
0.489332 1.40374 -1.96158 -1.42605 -0.275118 -0.614295 -0.774708 -1.01327 -0.166536 -2.26567 
0.421065 -0.569282 -2.98908 -0.486857 -0.717477 0.840974 1.90762 -0.666366 -0.775466 0.403857 
0.848447 1.65501 -1.01471 -2.90921 -0.39396 -0.178923 0.597741 -0.882135 1.47336 -2.33422 
-0.689202 0.119351 0.0200844 -1.42921 0.962111 1.61551 1.55241 -0.0174094 1.05074 0.382512 
-1.0063 0.0809233 -0.363267 -0.0982943 -0.871283 1.48221 0.410197 -1.57673 0.568456 -1.11168 
0.664206 -0.149467 -0.181342 -0.497555 -1.93619 0.00829787 -2.34268 1.98533 1.28487 -1.14381 
-2.13916 2.24666 1.50524 1.04399 0.957117 0.765445 -0.860469 0.564232 0.466028 -1.25056 
1.42569 -1.49789 1.29973 -1.25937 -0.960458 0.47909 1.39269 2.12515 0.841789 -0.922778 
-0.837351 0.327264 2.23858 -1.48162 0.664802 2.00504 -2.09112 -0.724457 2.06339 -1.43244 
0.988563 0.310085 1.08071 -2.08392 -0.466198 1.44543 0.701715 -1.59422 -0.121417 -0.111037 
1.52847 -0.825409 1.34021 -0.809218 0.571282 0.128384 -0.505089 -2.03911 1.04247 -2.99822 
-0.712812 -2.17768 0.164394 1.95383 -0.769234 1.147 0.259164 -1.60755 2.26382 0.810679 
