166.767
166.767
166.767
166.767
166.767
166.767
166.767
166.767
166.767
166.767
166.767
166.767
166.768
166.768
166.767
166.767
166.767
166.768
166.768
166.768
166.767
166.768
166.768
166.768
166.768
166.768
166.768
166.768
166.768
166.768
166.768
166.768
166.769
166.769
166.768
166.769
166.769
166.769
166.769
166.769
166.769
166.77
166.77
166.77
166.77
166.77
166.77
166.771
166.771
166.771
166.771
166.771
166.771
166.772
166.772
166.772
166.772
166.772
166.772
166.773
166.773
166.773
166.773
166.773
166.774
166.774
166.774
166.775
166.775
166.775
166.775
166.775
166.776
166.776
166.776
166.776
166.777
166.777
166.777
166.778
166.778
166.778
166.778
166.779
166.779
166.779
166.78
166.78
166.78
166.781
166.781
166.782
166.782
166.782
166.782
166.783
166.783
166.783
166.784
166.784
