42.375019
46.532856
46.248753
38.126568
32.645000
42.035500
36.843079
42.955196
37.553425
42.891979
46.965416
46.470356
38.676636
33.413376
42.660385
33.719975
39.281734
34.179356
40.551682
44.583652
44.709133
46.523571
46.068310
52.163841
44.834816
52.244854
46.065529
44.614784
48.651394
47.803490
42.749458
49.216412
50.829636
41.824734
48.377804
42.585209
39.800262
43.914974
44.236256
44.601707
43.804539
50.195499
36.364296
42.358410
37.009434
43.216946
47.314201
46.777439
41.835411
38.958046
46.668903
44.565956
51.849590
45.708927
37.622868
41.718029
42.565392
38.499020
33.244045
42.492050
44.258038
51.577202
45.449989
40.988956
45.060551
45.257626
42.783802
40.465302
47.817287
55.886292
65.148827
57.943249
38.470722
42.672470
43.350849
38.656811
33.665359
42.760719
52.877167
61.584953
54.621643
41.122013
45.069393
45.058674
37.865040
32.191891
41.714233
35.866673
41.768936
36.469864
39.898994
43.933502
44.365803
39.898350
35.247040
44.078415
43.883293
51.143143
45.043713
46.263145
49.607121
48.380398
37.007515
45.343750
40.883244
43.484818
47.055367
41.621651
45.996685
49.522579
48.350044
41.250626
37.428734
45.726437
40.510471
35.218056
37.682587
39.455349
44.531841
44.640869
38.243877
32.692295
42.126869
46.136288
53.817459
47.519794
40.705906
44.686600
44.929874
44.113266
41.050606
48.745739
39.438194
45.964115
40.322762
42.857594
46.488995
46.051365
42.735413
40.383835
47.761990
54.036442
62.920528
55.815060
42.103649
46.223286
46.417877
45.110004
43.131702
42.222263
63.785336
56.952374
50.641304
43.133549
43.605473
38.936127
39.234455
28.553658
33.322105
42.248871
40.287205
34.940540
39.898205
43.985535
44.403851
37.558475
31.711147
41.351608
41.150700
47.954216
42.120335
41.916225
45.674881
45.545067
41.523823
37.997856
46.113697
37.833179
44.075008
38.596283
41.479233
45.587906
45.526917
37.361446
45.647751
40.402988
45.258457
53.398335
47.559448
44.784996
48.863564
47.999920
42.754055
40.235844
47.697113
43.037552
50.185833
44.197308
44.343235
48.423965
48.028564
41.921062
39.205482
46.821930
61.664097
71.939667
64.135017
40.698215
44.800045
44.936081
39.234550
34.484203
43.421719
36.269611
42.232422
36.903889
46.301720
49.706810
48.441742
39.369186
34.247887
39.533695
43.791817
38.209927
39.028217
42.362881
42.364658
43.078449
45.368507
45.316162
51.250706
43.982613
51.267429
45.149109
42.948547
46.758354
46.774445
37.718731
31.777395
41.458458
47.562222
55.425934
48.998470
45.230907
49.345707
48.722214
41.147881
48.211498
42.630348
64.168648
56.957031
48.520344
48.396885
47.545811
42.019257
38.525753
42.371410
37.914127
40.724304
48.798893
42.822834
44.943577
49.022129
48.470425
38.458443
33.413467
42.555431
33.596596
39.087910
34.016857
43.831623
47.651859
47.050682
41.159538
38.084671
45.956161
52.747051
61.487400
54.536564
43.615730
47.712303
47.507629
37.820126
32.036579
41.638096
40.566383
47.267811
41.507164
37.722679
41.863392
42.752621
37.012680
30.529734
40.581520
32.495968
37.814186
32.858383
36.337719
40.583012
41.874538
40.519012
37.233303
45.257576
31.137421
36.222790
31.406460
39.112358
43.179142
43.698521
38.923279
33.999722
43.047817
62.347893
72.856956
64.959175
40.190331
44.285736
44.571167
37.968388
32.498089
41.908241
39.322632
45.788963
40.147934
40.943211
45.043953
45.122494
48.558125
51.449135
55.517792
47.642986
55.671524
49.245453
43.361153
47.522469
47.368839
43.989998
43.619453
49.784355
37.589592
43.781994
38.327961
41.571259
45.547523
45.560970
40.359802
36.393639
44.825417
36.320347
42.275261
36.950008
40.271393
44.465538
44.757866
47.901974
49.404202
54.256088
33.337257
38.786949
33.760071
42.009453
45.755383
45.498837
39.413067
34.574997
43.546169
38.739307
45.112652
39.540138
39.600067
43.654697
44.028133
37.830273
31.715162
41.507526
50.000732
58.346378
51.631451
48.917751
52.140091
50.107815
40.386147
37.070507
45.114025
36.815792
42.860718
37.475487
44.107891
47.904350
47.061508
47.624912
49.585011
54.226017
56.542000
66.096222
58.745247
37.261646
41.425598
42.509377
40.310966
35.975632
44.616756
41.424889
48.256332
42.405243
40.516685
44.495590
44.717648
45.756920
46.228523
51.836979
40.882610
47.635231
41.852238
49.727554
52.912823
50.522861
43.212742
41.194202
48.345280
32.047211
37.268162
32.375851
39.164787
43.262768
43.815907
42.538929
40.769135
47.811703
33.813206
39.344082
34.272324
43.683769
47.239464
46.530174
41.745144
38.774788
46.578136
40.331364
47.027687
41.300289
46.041374
49.404457
48.106430
40.929394
37.049599
45.418266
30.563839
35.539909
30.796240
35.595924
39.996876
41.556175
40.243980
36.559227
44.824547
38.294151
44.587654
39.060715
47.244686
50.341011
48.553268
42.865101
41.350140
48.239017
55.063953
57.045971
48.086750
49.848896
44.992146
45.170895
37.442211
31.068890
41.040466
39.865337
46.419960
40.716595
39.886974
43.967148
44.336655
49.541668
51.377491
55.951679
36.158848
42.070518
36.763199
38.077824
42.418861
43.302612
37.770828
31.533522
41.417004
39.617550
46.141102
40.467472
43.129868
47.372639
47.298611
42.264729
39.961124
47.319580
33.172935
38.598930
33.589138
37.810860
41.987190
42.948898
47.449684
47.548897
42.281372
42.027725
36.598999
38.280594
40.138870
40.346104
41.682152
41.194599
38.331608
46.073566
39.186550
45.626305
40.001740
39.465691
43.568848
44.185413
41.454311
46.301434
42.006973
54.465134
70.042892
62.971615
42.307755
46.077736
45.754070
40.736816
37.666462
45.552784
31.522694
36.620266
31.776012
47.493389
51.724934
50.252708
43.613388
40.952923
48.411583
36.642155
42.636047
37.284664
45.518063
49.646194
48.829269
36.522141
28.485582
39.448174
45.360332
52.870972
46.607738
45.534775
49.677559
48.383560
40.571415
37.113907
45.237720
38.176868
44.444977
38.917919
48.315403
51.863693
49.643280
40.973675
38.242123
45.926083
35.376831
41.153980
35.928413
37.520447
41.694153
42.731888
40.865646
37.756939
45.655930
36.337658
42.279167
36.950191
40.409336
44.524963
44.857353
40.360355
36.327503
44.801369
38.703793
45.047718
39.482925
44.354134
48.141472
47.313774
38.002529
31.973900
41.707214
30.612635
35.550568
35.199608
40.183380
45.009014
45.031193
36.463631
29.300589
39.782623
41.063248
47.831200
42.009724
45.059242
48.297401
47.161079
40.833710
36.825287
45.274254
38.480766
44.825214
39.292133
40.110043
44.232445
44.662739
41.675045
38.440044
46.385937
36.465061
42.438477
37.111458
42.670700
46.430958
46.151936
37.060665
30.391560
40.556908
43.347748
50.506458
44.446941
39.449703
43.707874
44.264400
42.708214
40.780537
47.916206
50.264347
58.690250
51.939991
41.636181
45.603176
45.397419
38.579216
32.600716
42.289097
45.807190
40.073170
40.041481
42.987637
43.673252
38.858952
36.465382
32.932163
42.652134
41.327858
48.175865
42.365440
38.794788
42.913486
43.625698
42.218285
40.415749
47.492489
28.859224
33.524136
28.969036
40.198681
44.347889
44.812283
45.171341
45.112644
51.039642
48.892677
57.087517
50.468845
44.591015
48.069210
47.119244
39.883835
36.023018
44.418583
