19.0675
-0.00530158	-0.0106895	0.00599367	0.00478556	0.0014465	0.00478945	-0.00137481	0.00290131	
125.336
0.185791	1.06472	0.435706	-0.0902559	0.0524115	0.292246	0.727694	0.216789	
-0.142204	-0.781132	-0.30186	0.0728749	-0.0350657	-0.201149	-0.523693	-0.150331	
139.043
0.0582499	0.503419	0.910221	-0.337789	0.0112412	0.567588	0.804806	0.450922	
-0.102252	-0.878613	-0.280977	0.0880307	-0.0622425	-0.222922	-0.577868	-0.142367	
0.161436	1.56117	-0.534858	0.277628	0.157136	-0.200912	0.371457	-0.256857	
153.275
0.17503	0.697019	1.00909	-0.547475	-0.0279724	0.638678	0.953502	0.484717	
-0.0261301	-0.974914	-0.270036	-0.00605606	-0.140884	-0.32874	-0.420711	-0.0991711	
0.314337	1.37408	-0.651769	0.372741	-0.131697	-0.628446	0.944353	-0.435081	
-0.54155	0.601884	0.120348	0.462409	0.646167	0.822152	-1.05029	0.088329	
161.278
0.496759	-0.889166	0.42439	-0.175532	-0.521547	-0.0901324	0.187861	0.220927	
0.0372199	1.40641	1.11893	-0.269091	0.428529	0.90537	0.423103	0.649419	
-0.0617468	0.747735	-0.514752	0.125856	-0.0253788	-0.563951	1.27278	-0.226148	
0.046391	0.0438442	-0.712801	0.189766	-0.00574852	-0.0816596	-1.33047	-0.410214	
-0.285673	-1.02723	-0.231252	0.102934	0.00270971	-0.147616	-0.44891	-0.17097	
170.535
0.828996	0.816446	1.30955	0.0217095	-0.718171	0.840567	0.762802	0.143936	
-0.352146	-1.08972	0.205267	0.254252	0.168845	-0.0739393	-0.37905	0.221461	
-0.233366	0.999031	-0.056863	0.352306	0.49453	0.82591	-1.11974	0.0558398	
0.0980841	-0.894083	-0.540011	-0.0433661	-0.281221	-0.41154	-0.577888	-0.376608	
-0.542096	0.361662	0.428071	-0.905364	0.579762	0.268705	1.07777	0.627343	
0.310558	1.46099	-0.715227	0.307039	-0.0509632	-0.816343	1.09216	-0.3453	
178.651
-0.452637	-0.425104	0.268737	-0.310156	0.0885819	0.105133	1.36185	0.325521	
0.100075	-0.510913	-0.554089	0.132712	-0.0756909	-0.444702	-1.11752	-0.22155	
0.500974	1.31654	1.11707	-0.34879	0.0506819	0.862666	0.331968	0.586074	
0.0119101	-1.27383	-0.0546244	-0.0656703	-0.271976	-0.30321	-0.159608	-0.0980772	
0.808067	1.173	-0.797746	0.60502	-0.491152	-0.295055	0.989627	-0.54244	
-0.954454	2.00788	-0.796013	-0.124855	0.927844	-1.62797	0.84125	-0.208746	
-0.925998	0.223967	-0.104788	0.451433	0.675754	0.822509	-1.09409	-0.182442	
182.63
-0.494501	-0.505331	0.210069	-0.276002	0.0923807	0.134158	1.25834	0.309994	
0.0814166	-0.554399	-0.54499	0.130888	-0.0745989	-0.444692	-1.12175	-0.210655	
0.550335	1.31608	1.1547	-0.501872	0.00565473	0.804688	0.501215	0.583031	
0.0182833	-1.27764	-0.0721438	-0.0646192	-0.283892	-0.306286	-0.14967	-0.11783	
0.86018	1.0793	-0.659549	0.564862	-0.511257	-0.395703	1.17356	-0.437198	
-0.954454	2.00788	-0.796013	-0.124855	0.927844	-1.62797	0.84125	-0.208746	
-0.961553	-0.0117176	0.51754	0.818574	0.797675	0.778927	-0.598323	0.224743	
-0.349828	1.08704	-0.915616	0.0697899	0.286347	0.875761	-1.63127	-0.648958	
184.536
-0.337052	1.10593	1.91687	-0.956769	0.0518905	0.773708	1.77327	0.344706	
1.01123	0.42988	0.792527	0.0178146	-0.825554	0.478005	0.106545	0.1039	
-0.523343	-0.14849	-0.333719	0.344586	0.374369	0.383955	-1.17911	-0.235302	
-0.65769	-0.47886	-0.270025	-0.421043	0.394328	0.0547797	1.20545	0.483785	
0.0519045	-1.38171	-0.222335	-0.0134018	-0.3131	-0.114481	-0.285155	-0.201922	
0.0880528	-0.637957	-0.615532	0.0158958	-0.223841	-0.577855	-0.701949	-0.38539	
-0.0181399	-1.26906	0.551713	-0.0546636	-0.0204142	-0.39987	-0.0315818	0.543143	
-0.00441954	1.6827	0.853154	0.0734712	0.755045	1.10903	-0.123595	0.757633	
0.261272	1.5183	-0.81863	0.328522	-0.0377867	-0.796613	1.07996	-0.455369	
191.173
0.276537	0.359292	2.10352	0.590016	-1.42995	0.768861	1.72789	-0.948354	
-0.23501	1.66132	1.25645	-0.709768	0.774573	1.00984	0.490994	0.844437	
-0.970804	0.0816225	-0.153185	0.598845	0.65077	0.795682	-1.12916	-0.251184	
0.157703	1.4246	-0.934212	0.475673	-0.0142992	-0.75099	1.01422	-0.601431	
-0.643349	-0.477539	-0.314706	-0.348631	0.394359	0.0663888	1.20808	0.48404	
-0.0665337	-1.25251	0.18998	0.148009	-0.0225959	-0.277756	-0.506283	0.332878	
0.105561	-0.460923	-0.575891	0.179227	-0.0825142	-0.474372	-1.13239	-0.265582	
-0.0523752	-0.982021	0.609803	-0.190046	0.0100655	-0.263234	0.211436	0.513577	
1.15182	0.945553	0.364336	-0.184578	-0.43693	0.31433	0.0723095	0.503706	
0.0809415	-1.25708	-0.443245	-0.265003	-0.406334	-0.28952	-0.151444	-0.452769	
193.922
0.591643	1.74416	1.59445	0.357977	0.0155676	1.24418	0.308105	0.566351	
-0.520504	1.65045	1.05436	-1.5846	0.954193	0.785527	0.812518	0.773259	
-0.0270333	-0.17938	-0.61999	0.161256	0.0382821	-0.16388	-1.30174	-0.293328	
-0.56933	-0.543923	0.098174	-0.202023	0.0206935	0.174903	1.51019	0.208043	
-0.992209	-0.435292	0.29502	0.683529	0.698562	0.567191	-0.67803	0.0369327	
-0.0824932	-0.508546	0.578511	-0.295056	0.0919431	-0.1829	0.182251	0.429521	
1.16272	0.219661	0.304732	-0.364128	-0.712459	0.291345	0.121869	0.410655	
0.75187	1.07321	-0.907664	0.822355	-0.492623	-0.221429	0.993351	-0.69496	
0.0712768	-1.15486	-0.414179	-0.198309	-0.438211	-0.296453	-0.166774	-0.497905	
-0.588655	2.12836	-0.688233	-0.227816	0.738006	-1.51137	0.865186	-0.0412019	
0.0425867	-1.52832	0.305047	0.136511	-0.110917	-0.453803	-0.283166	0.445555	
197.1
0.394985	1.73445	1.40201	0.436962	0.335807	1.26619	0.171113	0.806943	
-0.523821	1.74741	1.14526	-1.63831	0.940397	0.796774	0.756564	0.730016	
-0.00821461	-0.152019	-0.628716	0.161178	0.0265999	-0.168147	-1.32336	-0.304563	
-0.633272	-0.520426	-0.292447	-0.339176	0.364624	0.0864185	1.19373	0.469496	
-0.876122	-0.626039	0.107319	0.526626	0.563734	0.382968	-0.679068	-0.0567631	
-0.0824932	-0.508546	0.578511	-0.295056	0.0919431	-0.1829	0.182251	0.429521	
1.16272	0.219661	0.304732	-0.364128	-0.712459	0.291345	0.121869	0.410655	
0.759315	1.10573	-1.02087	0.845452	-0.527045	-0.21916	1.05597	-0.829035	
0.0899191	-1.18045	-0.463416	-0.235529	-0.407157	-0.299435	-0.209296	-0.4754	
-0.588655	2.12836	-0.688233	-0.227816	0.738006	-1.51137	0.865186	-0.0412019	
0.0425867	-1.52832	0.305047	0.136511	-0.110917	-0.453803	-0.283166	0.445555	
0.131455	-0.0692543	1.68702	0.58053	-1.43759	0.395552	1.6981	-1.02247	
200.344
-1.07984	-0.328624	0.351905	0.822635	0.784998	0.676665	-0.613992	0.0278046	
0.0967792	-1.28768	-0.448984	-0.262029	-0.421197	-0.286361	-0.15557	-0.462663	
1.17808	0.174146	0.341831	-0.340771	-0.723538	0.357844	0.0826508	0.429875	
-0.361764	1.52965	1.36288	-1.37783	0.76729	0.719687	1.01431	0.832869	
-0.117714	2.17608	-0.287558	-0.125911	0.546184	-0.799666	0.632504	0.292194	
0.848531	0.924956	-0.776056	0.718688	-0.566023	-0.388038	1.31017	-0.628623	
-1.07719	1.47588	-1.10487	-0.33586	0.757014	-1.9847	0.921948	-0.562468	
0.118265	0.19045	2.31141	0.659423	-1.68575	0.842977	1.95341	-1.20948	
-0.516281	1.18973	-1.09908	0.0502685	0.340601	1.02712	-1.73575	-0.748706	
0.086335	-0.47548	-0.534347	0.170904	-0.0693837	-0.435584	-1.12674	-0.236443	
-0.0306688	-1.25959	0.36669	0.0491305	-0.0278061	-0.350828	-0.253598	0.448583	
0.671644	1.72145	1.11781	0.33299	0.245198	1.07391	-0.072747	0.765494	
-0.595537	-0.517146	-0.23726	-0.338646	0.34769	0.062192	1.1762	0.473189	
201.567
-1.12248	-0.26898	0.371338	0.854393	0.831068	0.691322	-0.617317	0.0469673	
-0.311486	-1.11001	-0.291522	0.000397296	-0.154023	-0.14262	-0.185042	-0.466111	
0.385894	-1.38088	-0.473017	-0.442562	-0.621286	-0.332124	-0.0946595	-0.449119	
1.16272	0.219661	0.304732	-0.364128	-0.712459	0.291345	0.121869	0.410655	
-0.197362	1.64921	1.52366	-1.27268	0.738452	0.899885	1.00072	0.877189	
-0.5868	1.99529	-0.683659	-0.176848	0.675356	-1.33514	0.830678	-0.154909	
0.245402	0.428277	2.34676	0.627668	-1.5651	0.933863	1.80191	-1.08085	
-0.516281	1.18973	-1.09908	0.0502685	0.340601	1.02712	-1.73575	-0.748706	
0.0549662	-0.469642	-0.529156	0.188061	-0.0506153	-0.431919	-1.12498	-0.227691	
1.16263	-1.15803	-1.37217	-0.814045	-0.66186	-0.945533	-1.07612	-0.331945	
0.600135	1.57078	0.719732	0.395428	0.256523	0.787914	-0.245668	0.76583	
0.888084	0.93659	-0.845809	0.852932	-0.599892	-0.418673	1.42653	-0.69844	
-0.595537	-0.517146	-0.23726	-0.338646	0.34769	0.062192	1.1762	0.473189	
-0.0306688	-1.25959	0.36669	0.0491305	-0.0278061	-0.350828	-0.253598	0.448583	
199.442
-0.254401	0.906425	-0.989687	0.217041	0.21023	0.773432	-1.63375	-0.658342	
0.844603	1.05662	-0.920839	0.84237	-0.569474	-0.332874	1.31258	-0.763513	
0.107827	-1.25305	-0.444461	-0.279449	-0.425208	-0.295451	-0.144498	-0.44763	
-1.05689	-0.632868	0.145986	0.684126	0.666919	0.476284	-0.579026	-0.157589	
-0.0259359	-1.29029	0.353148	0.0684477	-0.0348977	-0.359198	-0.269819	0.446735	
-0.714052	2.18713	-0.736836	-0.221968	0.804801	-1.61559	0.935593	-0.10975	
-1.#IND	-1.#IND	-1.#IND	-1.#IND	-1.#IND	-1.#IND	-1.#IND	-1.#IND	
0.33327	-0.124958	0.384789	-0.00916757	-0.167837	-0.423444	1.01989	0.237628	
1.07389	0.542138	0.348996	-0.1922	-0.544524	0.304199	0.10044	0.536436	
0.893119	2.49032	2.35625	-0.0367206	-0.00392586	1.77172	1.29043	0.588832	
0.0774281	-0.49671	-0.544953	0.172608	-0.0733136	-0.445339	-1.12995	-0.241709	
-0.300032	-0.0387635	1.61314	-0.526658	-0.391419	0.305129	1.87031	0.0327882	
-0.633272	-0.520426	-0.292447	-0.339176	0.364624	0.0864185	1.19373	0.469496	
-0.440291	1.68826	1.02309	-0.472993	0.962316	1.12273	-0.0296558	0.79243	
0.54126	0.348592	2.17549	1.17484	-2.06953	0.399451	0.541799	-1.72552	
202.144
-0.298111	0.951373	-1.03522	0.269675	0.161456	0.834945	-1.72533	-0.777432	
0.844603	1.05662	-0.920839	0.84237	-0.569474	-0.332874	1.31258	-0.763513	
0.0809415	-1.25708	-0.443245	-0.265003	-0.406334	-0.28952	-0.151444	-0.452769	
-1.07984	-0.328624	0.351905	0.822635	0.784998	0.676665	-0.613992	0.0278046	
-0.0259359	-1.29029	0.353148	0.0684477	-0.0348977	-0.359198	-0.269819	0.446735	
-0.714052	2.18713	-0.736836	-0.221968	0.804801	-1.61559	0.935593	-0.10975	
-1.#IND	-1.#IND	-1.#IND	-1.#IND	-1.#IND	-1.#IND	-1.#IND	-1.#IND	
0.33327	-0.124958	0.384789	-0.00916757	-0.167837	-0.423444	1.01989	0.237628	
1.13614	0.309822	0.271994	-0.358986	-0.661335	0.244473	0.119643	0.432239	
-0.198982	0.0718428	2.41335	0.272858	-1.39792	1.17562	3.01211	-0.822454	
0.0774281	-0.49671	-0.544953	0.172608	-0.0733136	-0.445339	-1.12995	-0.241709	
-0.257522	0.499379	1.33915	-1.16408	0.40052	0.0126966	1.09981	0.700685	
-0.633272	-0.520426	-0.292447	-0.339176	0.364624	0.0864185	1.19373	0.469496	
-0.502634	1.77476	0.735559	-1.44804	1.00496	0.931566	0.279475	0.640737	
0.54126	0.348592	2.17549	1.17484	-2.06953	0.399451	0.541799	-1.72552	
0.642785	1.89671	1.36659	0.300429	0.261255	1.21534	0.199175	0.884361	
198.264
-0.20833	-0.540062	-0.371085	0.305913	0.127624	-0.186557	-1.07122	-0.192134	
0.155398	-1.31008	-0.478863	-0.260871	-0.465474	-0.318069	-0.235459	-0.492793	
0.914683	0.701275	-0.730476	0.852213	-0.618518	-0.524862	1.48814	-0.590025	
-0.0153827	-1.30901	0.361242	0.0738349	-0.0415152	-0.37514	-0.245847	0.454666	
-0.198982	0.0718428	2.41335	0.272858	-1.39792	1.17562	3.01211	-0.822454	
-0.296492	1.05754	-1.09331	0.283256	0.165937	0.8797	-1.77934	-0.83214	
-0.398099	0.187428	0.561683	-0.853021	0.646619	0.313101	1.06974	0.888392	
0.204763	0.293375	1.12482	-0.687382	0.0714192	-0.40234	1.73915	0.59777	
-0.707994	-0.645717	-0.13273	-0.349273	0.208924	0.090574	1.3728	0.354651	
-0.510365	1.76242	0.820626	-1.49009	0.98553	0.893388	0.371122	0.651433	
0.54126	0.348592	2.17549	1.17484	-2.06953	0.399451	0.541799	-1.72552	
-0.588743	-0.560103	-0.430014	-0.0360821	0.239051	-0.198686	0.433373	0.0363194	
1.19249	0.273753	0.464338	-0.26163	-0.686031	0.501326	0.0346293	0.536298	
-1.#IND	-1.#IND	-1.#IND	-1.#IND	-1.#IND	-1.#IND	-1.#IND	-1.#IND	
0.944215	1.94602	-0.447813	0.198719	-0.340596	-0.0463398	0.66808	-0.188024	
0.0897222	1.51138	1.35258	0.435834	0.553752	1.24924	-0.00679866	0.843368	
-0.954454	2.00788	-0.796013	-0.124855	0.927844	-1.62797	0.84125	-0.208746	
203.783
0.086335	-0.47548	-0.534347	0.170904	-0.0693837	-0.435584	-1.12674	-0.236443	
0.2195	1.43517	-0.0541552	-0.0879124	0.738902	0.0392916	-0.392444	0.595519	
0.92632	0.984022	-0.919468	0.91298	-0.629831	-0.425645	1.45122	-0.752464	
0.0967792	-1.28768	-0.448984	-0.262029	-0.421197	-0.286361	-0.15557	-0.462663	
-0.48351	-0.55992	2.20887	0.272883	-1.58756	0.946094	3.24762	-1.05757	
-0.472634	1.21712	-1.02571	0.105733	0.263256	1.03209	-1.77958	-0.822886	
-0.0402204	-1.28798	0.343054	0.0780275	-0.0304543	-0.33106	-0.279967	0.422378	
-0.454296	0.220115	0.586973	-0.945329	0.736483	0.374688	1.19858	0.995892	
0.138343	0.217859	0.946102	-0.590331	0.0804234	-0.31586	1.37853	0.509175	
-0.633941	-0.655301	-0.34361	-0.242495	0.220467	-0.0501726	1.00608	0.283433	
0.54126	0.348592	2.17549	1.17484	-2.06953	0.399451	0.541799	-1.72552	
1.2103	0.129111	0.374659	-0.328405	-0.749281	0.416337	0.0513804	0.449834	
-0.568209	1.8773	1.16027	-1.72268	1.03281	0.911436	0.765677	0.79154	
-1.#IND	-1.#IND	-1.#IND	-1.#IND	-1.#IND	-1.#IND	-1.#IND	-1.#IND	
1.02644	1.7007	0.00915412	-0.249985	-0.289012	-0.439643	0.556903	0.613917	
0.572213	1.95885	1.77732	0.315071	0.182219	1.51478	0.511176	0.844931	
-1.12248	-0.26898	0.371338	0.854393	0.831068	0.691322	-0.617317	0.0469673	
-0.845593	1.78269	-0.812275	-0.139562	0.74563	-1.43796	0.862084	-0.384958	
200.73
0.258796	0.0550698	-0.229531	0.185592	0.0103807	-0.0445861	-1.16529	-0.136082	
0.927086	1.43388	-0.054594	-0.518837	-0.324595	-0.593999	0.813927	0.408256	
-0.975723	-0.716067	0.262306	0.63031	0.621048	0.585102	-0.731049	-0.0371461	
0.54126	0.348592	2.17549	1.17484	-2.06953	0.399451	0.541799	-1.72552	
-0.51203	1.19136	-1.39	0.30978	0.210433	1.0888	-1.96002	-1.01509	
-0.280575	0.213287	0.791202	-0.893951	0.546815	0.145084	1.29165	0.883795	
-0.231228	-0.468087	1.69607	0.276863	-1.27784	0.571781	2.71966	-0.765271	
-0.645956	-0.680803	-0.349219	-0.234954	0.228987	-0.0286976	1.06992	0.30904	
-0.485583	1.74826	1.03631	-1.58219	0.987986	0.852015	0.668138	0.770191	
0.0821136	-1.30224	-0.403057	-0.241506	-0.43427	-0.253824	-0.13362	-0.477669	
0.0693196	-0.628444	-0.646659	0.126385	-0.104322	-0.541227	-1.11069	-0.260938	
-1.07201	-0.0236264	-0.610173	0.00640176	0.607157	-0.806205	0.166658	-0.532618	
-1.#IND	-1.#IND	-1.#IND	-1.#IND	-1.#IND	-1.#IND	-1.#IND	-1.#IND	
1.07658	1.14871	1.00283	-0.116671	-0.34395	0.855718	0.330494	0.596763	
-0.634274	1.83322	-0.257811	-1.02958	0.97325	1.10025	-1.11395	0.057644	
-0.549296	1.1345	0.997976	0.929608	0.827256	1.10615	-0.400982	0.792516	
-0.000809335	-1.33993	0.361371	0.089978	-0.0532493	-0.395799	-0.226977	0.459487	
0.257416	1.48069	-0.868571	0.496774	-0.0540896	-0.798087	1.16736	-0.53471	
-1.#IND	-1.#IND	-1.#IND	-1.#IND	-1.#IND	-1.#IND	-1.#IND	-1.#IND	
202.534
0.323591	0.039832	-0.0937104	0.115168	0.0282594	-0.124215	-1.18953	-0.0496725	
0.141199	-1.5196	-0.338897	-0.204651	-0.473248	-0.098685	-0.288234	-0.459113	
0.927086	1.43388	-0.054594	-0.518837	-0.324595	-0.593999	0.813927	0.408256	
-0.975723	-0.716067	0.262306	0.63031	0.621048	0.585102	-0.731049	-0.0371461	
0.54126	0.348592	2.17549	1.17484	-2.06953	0.399451	0.541799	-1.72552	
-0.490061	1.04674	-1.28603	0.290234	0.200012	1.01087	-1.87393	-0.927895	
-0.280575	0.213287	0.791202	-0.893951	0.546815	0.145084	1.29165	0.883795	
-0.231228	-0.468087	1.69607	0.276863	-1.27784	0.571781	2.71966	-0.765271	
-0.645956	-0.680803	-0.349219	-0.234954	0.228987	-0.0286976	1.06992	0.30904	
-0.568209	1.8773	1.16027	-1.72268	1.03281	0.911436	0.765677	0.79154	
0.0968212	-0.863699	-0.666028	-0.293252	-0.376258	-0.627221	0.10622	-0.464457	
0.0374605	-0.586742	-0.634772	0.189578	-0.0988498	-0.507044	-1.10793	-0.288341	
-1.07201	-0.0236264	-0.610173	0.00640176	0.607157	-0.806205	0.166658	-0.532618	
-1.#IND	-1.#IND	-1.#IND	-1.#IND	-1.#IND	-1.#IND	-1.#IND	-1.#IND	
1.04622	1.07894	1.01904	-0.1085	-0.406819	0.84082	0.427458	0.574389	
0.191082	1.75171	0.00876317	-0.670384	0.908283	0.929022	-1.08433	0.451178	
-0.549296	1.1345	0.997976	0.929608	0.827256	1.10615	-0.400982	0.792516	
-0.000809335	-1.33993	0.361371	0.089978	-0.0532493	-0.395799	-0.226977	0.459487	
0.244816	1.56108	-0.880704	0.482217	-0.0361027	-0.815533	1.20577	-0.544822	
-1.#IND	-1.#IND	-1.#IND	-1.#IND	-1.#IND	-1.#IND	-1.#IND	-1.#IND	
206.415
0.153123	0.169371	-0.25384	0.112479	0.123072	0.138068	-1.40599	-0.119305	
-0.803702	1.77439	1.26062	-1.77217	0.834875	0.816746	0.506067	0.456315	
-0.286619	-1.20373	-0.29196	0.0123084	-0.150231	-0.0881206	-0.258375	-0.437553	
0.400383	-1.38736	-0.493184	-0.464893	-0.635032	-0.363962	-0.0785471	-0.457732	
0.751738	1.09288	0.40267	-0.626514	-0.267647	-0.607354	1.40137	0.438689	
0.54126	0.348592	2.17549	1.17484	-2.06953	0.399451	0.541799	-1.72552	
-0.473503	1.29812	-1.45548	0.346088	0.185502	1.08868	-1.89286	-1.07429	
-0.399278	-0.015872	0.161646	-0.571391	0.561488	0.273384	1.31785	0.7922	
-0.48351	-0.55992	2.20887	0.272883	-1.58756	0.946094	3.24762	-1.05757	
-0.641228	-0.699185	-0.381377	-0.229034	0.214332	-0.0746693	0.972023	0.269033	
0.602078	1.39273	0.0771026	-0.541877	0.92783	0.60836	-0.164557	1.09625	
0.10039	-0.734441	-0.888111	-0.0894924	0.096155	-0.630202	-1.30316	-0.0689527	
0.275117	2.10321	1.21913	0.553864	0.514378	1.05925	0.334369	1.12403	
-1.2655	-0.64559	0.16709	0.797106	0.811126	0.517543	-0.636166	-0.186284	
-0.698408	0.469394	0.818926	0.932247	0.776317	1.08616	-0.579526	0.555349	
-1.#IND	-1.#IND	-1.#IND	-1.#IND	-1.#IND	-1.#IND	-1.#IND	-1.#IND	
1.10146	0.824055	0.999082	-0.163544	-0.534209	0.847886	0.318977	0.47352	
-0.954454	2.00788	-0.796013	-0.124855	0.927844	-1.62797	0.84125	-0.208746	
0.073333	-0.444521	-0.422831	0.323691	-0.29132	-0.434123	-0.896018	-0.449666	
-0.0306688	-1.25959	0.36669	0.0491305	-0.0278061	-0.350828	-0.253598	0.448583	
0.844603	1.05662	-0.920839	0.84237	-0.569474	-0.332874	1.31258	-0.763513	
206.881
-0.041927	0.202528	-0.858525	0.200741	0.101622	0.072771	-1.51501	-0.431508	
-0.818255	-0.580791	-0.196624	-0.437425	0.329166	0.0631399	1.59605	0.45539	
-1.04177	2.6002	0.861327	-1.86017	0.996044	1.32608	-0.0166975	0.0870023	
-0.142179	-0.760608	-0.438141	0.155917	-0.209004	-0.402764	-0.538819	-0.472824	
0.844603	1.05662	-0.920839	0.84237	-0.569474	-0.332874	1.31258	-0.763513	
0.331695	-1.56015	-0.327073	-0.297282	-0.582812	-0.0780948	-0.269582	-0.390596	
0.523484	-1.08735	-0.953143	-0.686026	-0.598115	-0.844435	-0.15549	-0.570289	
-0.0723157	-0.590778	0.643167	-0.308084	0.0878487	-0.228526	0.230822	0.482704	
0.54126	0.348592	2.17549	1.17484	-2.06953	0.399451	0.541799	-1.72552	
-0.216775	-0.902131	-0.0511105	0.0430369	0.117389	-0.125926	-0.877383	0.151933	
-0.394985	0.473881	-0.00556758	-0.837703	1.09533	0.684007	1.48631	1.28983	
-0.114428	-0.319962	1.39394	0.223943	-1.05842	0.393213	2.39189	-0.600636	
-0.521456	-0.691313	-0.405875	-0.117328	0.12865	-0.129972	0.650896	0.151814	
1.16272	0.219661	0.304732	-0.364128	-0.712459	0.291345	0.121869	0.410655	
-1.2655	-0.64559	0.16709	0.797106	0.811126	0.517543	-0.636166	-0.186284	
-0.512484	1.04835	1.02112	0.941256	0.79798	1.17619	-0.45732	0.811024	
-1.#IND	-1.#IND	-1.#IND	-1.#IND	-1.#IND	-1.#IND	-1.#IND	-1.#IND	
-0.38481	1.35366	1.4982	-1.64663	0.830822	0.505648	1.25316	0.953	
0.884118	2.00675	1.763	-0.0111685	-0.0814013	1.35632	0.856818	0.675572	
-0.714052	2.18713	-0.736836	-0.221968	0.804801	-1.61559	0.935593	-0.10975	
0.796825	1.21144	0.0250346	0.0352542	0.352211	0.206436	-0.652039	0.620173	
0.0652938	-1.62817	0.388993	0.195821	-0.127273	-0.513243	-0.182443	0.510266	
206.31
-0.521188	1.08523	-0.822947	-0.0936008	0.406022	1.01824	-1.84646	-0.575919	
0.119657	1.474	-1.77112	0.868567	-0.208828	0.633697	-0.868561	-1.32045	
0.554618	1.81036	-1.22231	0.674446	-0.367151	0.188517	0.741674	-1.06519	
-0.176003	1.80096	1.49026	-1.03499	0.743717	1.04274	0.756217	0.885566	
-0.334226	-1.43124	-0.244082	0.0760928	-0.105364	0.0937713	-0.400669	-0.485155	
0.435087	-1.51496	-0.342802	-0.362455	-0.641564	-0.135511	-0.222752	-0.358907	
-1.04089	0.147241	0.702785	1.03098	0.929443	1.03073	-0.687109	0.360936	
0.647721	-1.16865	-0.992571	-0.739809	-0.676956	-0.848506	-0.21978	-0.5653	
-0.00410467	-1.09222	0.702237	-0.181158	0.00899728	-0.371438	0.181841	0.590511	
0.607548	0.766786	2.48529	0.708521	-1.58341	1.04002	1.26116	-1.13594	
-0.0544939	-1.21658	0.20062	0.12319	-0.022089	-0.298065	-0.493011	0.355742	
0.064209	-0.440499	-0.387723	0.334965	-0.332433	-0.43423	-0.822632	-0.486088	
0.0577766	-0.45906	-0.669041	0.0947308	0.129143	-0.460053	-1.3107	-0.0873041	
-0.394985	0.473881	-0.00556758	-0.837703	1.09533	0.684007	1.48631	1.28983	
-0.132717	-0.0064274	1.31662	-0.134912	-0.636145	-0.0258582	2.47168	-0.0939204	
-0.707994	-0.645717	-0.13273	-0.349273	0.208924	0.090574	1.3728	0.354651	
1.17206	0.956114	0.366433	-0.204248	-0.452061	0.321732	0.125982	0.534071	
-0.954454	2.00788	-0.796013	-0.124855	0.927844	-1.62797	0.84125	-0.208746	
-0.483812	-0.608936	-0.377009	0.148337	0.0539057	-0.271048	0.171724	-0.340565	
-1.#IND	-1.#IND	-1.#IND	-1.#IND	-1.#IND	-1.#IND	-1.#IND	-1.#IND	
-1.#IND	-1.#IND	-1.#IND	-1.#IND	-1.#IND	-1.#IND	-1.#IND	-1.#IND	
-0.614913	-0.588222	-0.510435	-0.307833	0.280824	-0.279181	0.642292	0.221107	
0.950052	0.782535	-0.811214	0.903433	-0.643046	-0.522472	1.52018	-0.653811	
205.46
-0.329212	0.79291	-0.833401	0.0867354	0.294042	0.801379	-1.78679	-0.52592	
0.119657	1.474	-1.77112	0.868567	-0.208828	0.633697	-0.868561	-1.32045	
0.394303	1.54958	-1.04748	0.524655	-0.261421	0.238921	0.457565	-0.910998	
-0.579148	1.80449	1.04255	-1.62935	0.988008	0.903825	0.54515	0.691514	
-0.298541	-1.51812	-0.277032	0.045789	-0.148882	0.0775588	-0.411443	-0.510735	
0.435087	-1.51496	-0.342802	-0.362455	-0.641564	-0.135511	-0.222752	-0.358907	
-1.02275	0.0790576	0.607595	0.952458	0.878348	0.909353	-0.631427	0.281244	
0.647721	-1.16865	-0.992571	-0.739809	-0.676956	-0.848506	-0.21978	-0.5653	
-0.00410467	-1.09222	0.702237	-0.181158	0.00899728	-0.371438	0.181841	0.590511	
0.463831	0.135128	2.3227	0.89324	-1.98773	0.701466	1.13	-1.62952	
-0.0544939	-1.21658	0.20062	0.12319	-0.022089	-0.298065	-0.493011	0.355742	
0.064209	-0.440499	-0.387723	0.334965	-0.332433	-0.43423	-0.822632	-0.486088	
0.0394256	-0.498576	-0.695928	0.0941603	0.131603	-0.479812	-1.326	-0.0898511	
-0.439446	0.249017	0.110235	-0.746065	0.842878	0.511173	1.46468	1.05479	
-0.132717	-0.0064274	1.31662	-0.134912	-0.636145	-0.0258582	2.47168	-0.0939204	
-0.707994	-0.645717	-0.13273	-0.349273	0.208924	0.090574	1.3728	0.354651	
-0.140286	2.14551	-0.206303	-0.11433	0.581152	-0.814159	0.61468	0.378825	
-1.19766	1.46381	-1.12845	-0.223017	0.85627	-1.9805	0.904668	-0.623154	
-0.321647	-0.691959	-0.39648	0.0928695	-0.106523	-0.275679	0.253324	-0.323925	
-1.#IND	-1.#IND	-1.#IND	-1.#IND	-1.#IND	-1.#IND	-1.#IND	-1.#IND	
1.03218	1.20221	1.00855	-0.0753544	-0.297978	0.863179	0.306657	0.637028	
-1.#IND	-1.#IND	-1.#IND	-1.#IND	-1.#IND	-1.#IND	-1.#IND	-1.#IND	
-0.614913	-0.588222	-0.510435	-0.307833	0.280824	-0.279181	0.642292	0.221107	
0.958803	0.920493	-0.831584	0.80132	-0.641335	-0.478193	1.45449	-0.656899	
210.046
-0.528133	0.850485	-1.02042	0.122639	0.287214	0.97069	-2.01662	-0.718315	
0.409631	1.69824	-1.40524	0.739153	-0.314376	0.336911	0.204929	-1.15028	
-0.231091	-1.47569	-0.281195	0.0284347	-0.231528	0.0170762	-0.39059	-0.536859	
0.460635	-1.53658	-0.360298	-0.387654	-0.663403	-0.163946	-0.21096	-0.363234	
-0.933151	0.0845144	0.694763	0.975602	0.836692	1.03224	-0.671974	0.358291	
0.397674	-1.15235	-0.990071	-0.720189	-0.56737	-0.889365	0.0175822	-0.570501	
-0.0723157	-0.590778	0.643167	-0.308084	0.0878487	-0.228526	0.230822	0.482704	
-0.954454	2.00788	-0.796013	-0.124855	0.927844	-1.62797	0.84125	-0.208746	
0.54126	0.348592	2.17549	1.17484	-2.06953	0.399451	0.541799	-1.72552	
-0.212164	-0.853462	0.205425	-0.0712327	0.10532	-0.0659613	-0.691683	0.290825	
0.154037	-0.410224	-0.610347	0.191487	-0.126676	-0.51242	-1.12766	-0.314546	
0.871458	0.668295	-0.660022	0.787602	-0.584843	-0.509185	1.45681	-0.540185	
-0.369445	0.4959	0.83216	-1.1272	0.752844	0.296482	1.76903	1.09064	
-0.48351	-0.55992	2.20887	0.272883	-1.58756	0.946094	3.24762	-1.05757	
-0.686985	-0.635444	-0.298917	-0.334688	0.256103	-0.0522765	1.13074	0.326952	
1.02644	1.7007	0.00915412	-0.249985	-0.289012	-0.439643	0.556903	0.613917	
-0.20606	1.99613	1.50983	-0.780957	0.847943	1.22493	0.641009	0.985627	
-1.20673	-0.628595	0.0473685	0.683446	0.748418	0.34318	-0.54158	-0.250767	
-0.368524	-0.656824	-0.379527	0.0594518	-0.0438403	-0.240267	0.231847	-0.218048	
-1.#IND	-1.#IND	-1.#IND	-1.#IND	-1.#IND	-1.#IND	-1.#IND	-1.#IND	
1.1554	0.713938	0.764566	-0.118282	-0.638992	0.703052	0.257462	0.391598	
-0.214751	-0.826994	-0.362731	0.112645	0.128024	-0.228448	-1.02835	0.0297969	
0.294172	1.54401	0.0706527	-0.486673	0.705817	0.773513	-1.08916	0.328077	
0.0946762	-1.68799	0.411272	0.223014	-0.143034	-0.537338	-0.187759	0.529042	
-1.#IND	-1.#IND	-1.#IND	-1.#IND	-1.#IND	-1.#IND	-1.#IND	-1.#IND	
211.715
-0.422511	0.160738	-0.839876	0.263751	0.152666	0.652746	-1.69035	-0.509265	
0.409631	1.69824	-1.40524	0.739153	-0.314376	0.336911	0.204929	-1.15028	
0.0258648	-1.31922	0.164582	0.217095	-0.0896972	-0.411639	-0.310883	0.357155	
-0.207299	-1.59731	-0.307404	-0.0164632	-0.236673	0.0531692	-0.403126	-0.532682	
0.504053	-1.39321	-0.418433	-0.461326	-0.685274	-0.276029	-0.110947	-0.379197	
-0.787272	0.517595	0.665563	0.856343	0.813127	0.857441	-0.472889	0.447139	
-1.29876	-0.737776	0.283644	0.903831	0.840002	0.71006	-0.756539	-0.131075	
-1.00035	2.15494	-0.894926	-0.171307	0.972715	-1.80333	0.927972	-0.244772	
0.028875	-0.105664	2.19218	0.723863	-1.82854	0.672773	1.89471	-1.39155	
-0.719225	1.70539	-0.895846	-0.415686	0.638669	1.28835	-1.80081	-0.599611	
0.0373192	-0.561907	-0.955969	0.0711336	0.11939	-0.694935	-1.35846	-0.154195	
0.871458	0.668295	-0.660022	0.787602	-0.584843	-0.509185	1.45681	-0.540185	
-0.394985	0.473881	-0.00556758	-0.837703	1.09533	0.684007	1.48631	1.28983	
-0.654102	-0.677655	-0.325393	-0.236747	0.227693	-0.00506353	1.12088	0.319308	
1.02644	1.7007	0.00915412	-0.249985	-0.289012	-0.439643	0.556903	0.613917	
0.0320669	-1.25067	0.704167	-0.123528	-0.0240941	-0.437189	0.176504	0.620944	
0.445008	0.186951	-0.124313	0.147685	0.00601245	-0.165795	-1.23968	-0.0959555	
1.16263	-1.15803	-1.37217	-0.814045	-0.66186	-0.945533	-1.07612	-0.331945	
0.155754	1.62895	0.98038	0.56362	0.758811	1.15473	-0.540645	1.03319	
-0.902218	-0.266985	-0.284043	0.125752	0.491799	-0.299607	-0.108215	-0.313507	
-0.336908	-0.745194	-0.511728	-0.163234	-0.111821	-0.52757	0.186902	-0.437007	
-1.#IND	-1.#IND	-1.#IND	-1.#IND	-1.#IND	-1.#IND	-1.#IND	-1.#IND	
-0.395956	1.57529	1.46403	-1.42869	0.742293	0.725742	1.05939	0.807821	
1.14279	0.906775	0.971404	-0.156784	-0.516765	0.866033	0.324973	0.477703	
-0.2556	-0.905768	-0.0300515	0.0106521	0.148928	-0.100352	-0.993568	0.185676	
0.0551197	-0.483171	-0.367269	0.338699	-0.372521	-0.484128	-0.807615	-0.516308	
211.228
-0.200287	-0.564823	-0.405208	0.279853	0.0584836	0.0692059	-0.907536	-0.118223	
1.17808	0.174146	0.341831	-0.340771	-0.723538	0.357844	0.0826508	0.429875	
-0.621245	1.42059	-1.23853	0.08678	0.320357	1.20157	-1.92018	-0.961896	
0.1026	-1.32278	0.117681	0.340726	-0.1578	-0.407293	-0.307349	0.304888	
-0.645956	-0.680803	-0.349219	-0.234954	0.228987	-0.0286976	1.06992	0.30904	
0.00039677	-0.659788	-0.99603	0.0087015	0.206525	-0.725385	-1.45473	-0.0543619	
-0.207299	-1.59731	-0.307404	-0.0164632	-0.236673	0.0531692	-0.403126	-0.532682	
0.0026082	-0.483123	-0.223247	0.338674	-0.460003	-0.44777	-0.584242	-0.571885	
0.504257	-1.47017	-0.376035	-0.424322	-0.685757	-0.207983	-0.167131	-0.352847	
-0.43172	1.19158	0.936871	-1.35571	0.859088	0.608264	1.01544	0.859553	
0.54126	0.348592	2.17549	1.17484	-2.06953	0.399451	0.541799	-1.72552	
0.0563639	-1.36942	0.673093	-0.0633853	-0.0527215	-0.498024	0.154756	0.624052	
0.871671	1.15929	-0.772927	0.600572	-0.540444	-0.406259	1.29116	-0.574142	
-1.#IND	-1.#IND	-1.#IND	-1.#IND	-1.#IND	-1.#IND	-1.#IND	-1.#IND	
-0.231228	-0.468087	1.69607	0.276863	-1.27784	0.571781	2.71966	-0.765271	
-0.954454	2.00788	-0.796013	-0.124855	0.927844	-1.62797	0.84125	-0.208746	
-0.371315	-0.559253	-0.287583	-0.0559004	-0.0675594	-0.347873	0.114045	-0.332822	
0.461874	0.298101	-0.150669	0.0364327	0.191843	-0.0796456	-1.23062	0.0986034	
-0.222598	-0.991994	0.293079	-0.0955631	0.11048	-0.106022	-0.679098	0.363761	
0.95109	1.97363	1.4138	0.0371583	-0.000674488	1.11376	0.53267	0.720497	
-0.512484	1.04835	1.02112	0.941256	0.79798	1.17619	-0.45732	0.811024	
-0.0180725	-0.642421	-0.247603	-0.0404263	0.143401	-0.436847	-0.271236	0.274926	
0.524207	-0.236812	-0.372076	0.0663982	-0.348542	-0.392219	-1.04164	-0.399121	
-1.#IND	-1.#IND	-1.#IND	-1.#IND	-1.#IND	-1.#IND	-1.#IND	-1.#IND	
-1.2655	-0.64559	0.16709	0.797106	0.811126	0.517543	-0.636166	-0.186284	
0.340371	-1.17398	-1.09115	-0.741928	-0.520815	-0.988071	0.000148	-0.605544	
0.0777302	-0.524636	-0.601306	0.282014	-0.263481	-0.63343	-1.13581	-0.485279	
212.43
-0.200287	-0.564823	-0.405208	0.279853	0.0584836	0.0692059	-0.907536	-0.118223	
1.17808	0.174146	0.341831	-0.340771	-0.723538	0.357844	0.0826508	0.429875	
-0.621245	1.42059	-1.23853	0.08678	0.320357	1.20157	-1.92018	-0.961896	
0.1026	-1.32278	0.117681	0.340726	-0.1578	-0.407293	-0.307349	0.304888	
-0.654102	-0.677655	-0.325393	-0.236747	0.227693	-0.00506353	1.12088	0.319308	
0.00039677	-0.659788	-0.99603	0.0087015	0.206525	-0.725385	-1.45473	-0.0543619	
-0.207299	-1.59731	-0.307404	-0.0164632	-0.236673	0.0531692	-0.403126	-0.532682	
0.0026082	-0.483123	-0.223247	0.338674	-0.460003	-0.44777	-0.584242	-0.571885	
0.504257	-1.47017	-0.376035	-0.424322	-0.685757	-0.207983	-0.167131	-0.352847	
-0.43172	1.19158	0.936871	-1.35571	0.859088	0.608264	1.01544	0.859553	
0.54126	0.348592	2.17549	1.17484	-2.06953	0.399451	0.541799	-1.72552	
0.0563639	-1.36942	0.673093	-0.0633853	-0.0527215	-0.498024	0.154756	0.624052	
0.939236	1.67517	-0.911263	0.531529	-0.550035	-0.337277	1.3971	-0.693899	
-1.#IND	-1.#IND	-1.#IND	-1.#IND	-1.#IND	-1.#IND	-1.#IND	-1.#IND	
-0.48351	-0.55992	2.20887	0.272883	-1.58756	0.946094	3.24762	-1.05757	
-0.954454	2.00788	-0.796013	-0.124855	0.927844	-1.62797	0.84125	-0.208746	
-0.390371	-0.58035	-0.339961	-0.0749205	-0.0280653	-0.35229	0.137987	-0.271842	
0.461874	0.298101	-0.150669	0.0364327	0.191843	-0.0796456	-1.23062	0.0986034	
-0.222598	-0.991994	0.293079	-0.0955631	0.11048	-0.106022	-0.679098	0.363761	
0.95109	1.97363	1.4138	0.0371583	-0.000674488	1.11376	0.53267	0.720497	
-0.512484	1.04835	1.02112	0.941256	0.79798	1.17619	-0.45732	0.811024	
-0.0180725	-0.642421	-0.247603	-0.0404263	0.143401	-0.436847	-0.271236	0.274926	
0.524207	-0.236812	-0.372076	0.0663982	-0.348542	-0.392219	-1.04164	-0.399121	
-1.#IND	-1.#IND	-1.#IND	-1.#IND	-1.#IND	-1.#IND	-1.#IND	-1.#IND	
-1.2655	-0.64559	0.16709	0.797106	0.811126	0.517543	-0.636166	-0.186284	
0.340371	-1.17398	-1.09115	-0.741928	-0.520815	-0.988071	0.000148	-0.605544	
0.0777302	-0.524636	-0.601306	0.282014	-0.263481	-0.63343	-1.13581	-0.485279	
0.70641	0.0818146	-0.40284	0.674393	-0.496611	-0.545214	1.08736	-0.270879	
211.162
-0.311426	-0.781282	-0.199244	0.250517	0.128884	0.149799	-0.803838	-0.0684707	
1.2103	0.129111	0.374659	-0.328405	-0.749281	0.416337	0.0513804	0.449834	
-0.490061	1.04674	-1.28603	0.290234	0.200012	1.01087	-1.87393	-0.927895	
0.00039677	-0.659788	-0.99603	0.0087015	0.206525	-0.725385	-1.45473	-0.0543619	
-0.13705	-1.61075	-0.377291	-0.103116	-0.305752	-0.0435134	-0.345578	-0.572546	
0.0432161	-0.531494	-0.574193	0.3251	-0.267124	-0.517244	-0.97463	-0.460869	
-0.579148	1.80449	1.04255	-1.62935	0.988008	0.903825	0.54515	0.691514	
0.0559966	-0.385804	-0.110656	0.357529	-0.490098	-0.379019	-0.579641	-0.586894	
-0.230138	-0.412728	0.47016	-0.337575	0.170688	0.00244594	-0.198345	0.352145	
0.0971892	-1.48959	0.489862	0.1189	-0.118448	-0.519965	-0.0050467	0.542162	
0.927086	1.43388	-0.054594	-0.518837	-0.324595	-0.593999	0.813927	0.408256	
0.844603	1.05662	-0.920839	0.84237	-0.569474	-0.332874	1.31258	-0.763513	
0.854637	1.44165	2.62417	0.762834	-1.37884	1.18374	0.945176	-0.878278	
-1.#IND	-1.#IND	-1.#IND	-1.#IND	-1.#IND	-1.#IND	-1.#IND	-1.#IND	
-0.222559	-0.572595	1.10192	0.0870353	-0.769863	0.319252	1.8754	-0.344693	
-0.954454	2.00788	-0.796013	-0.124855	0.927844	-1.62797	0.84125	-0.208746	
-0.593383	-0.129661	0.148995	-0.668604	0.519597	0.175972	1.7026	0.740324	
0.461874	0.298101	-0.150669	0.0364327	0.191843	-0.0796456	-1.23062	0.0986034	
-0.131108	-1.17423	0.160222	0.0672775	0.0416411	-0.227718	-0.679338	0.342764	
0.611999	1.88444	1.28986	0.29387	0.322618	1.19317	0.165286	0.95091	
0.605457	-1.45029	-0.386292	-0.480712	-0.748732	-0.240799	-0.133252	-0.327021	
-0.571288	-0.58274	-0.419819	-0.15941	0.177218	-0.306347	0.422739	-0.0539259	
-1.#IND	-1.#IND	-1.#IND	-1.#IND	-1.#IND	-1.#IND	-1.#IND	-1.#IND	
0.524207	-0.236812	-0.372076	0.0663982	-0.348542	-0.392219	-1.04164	-0.399121	
-1.#IND	-1.#IND	-1.#IND	-1.#IND	-1.#IND	-1.#IND	-1.#IND	-1.#IND	
-1.17892	-0.234794	0.447401	0.93511	0.89441	0.790913	-0.671608	0.0971995	
0.151068	-1.01832	-1.00083	-0.56104	-0.360053	-0.904901	-0.0627762	-0.50764	
-0.193742	-1.26861	-0.69606	1.13443	-0.17004	0.655918	0.982726	0.212299	
-0.00480415	-0.660622	1.65076	1.15136	-2.24277	-0.102343	0.891667	-1.96099	
212.706
-0.242847	-0.853362	-0.379178	0.134512	0.125828	-0.198677	-1.13651	-0.00522152	
1.16272	0.219661	0.304732	-0.364128	-0.712459	0.291345	0.121869	0.410655	
-0.0723157	-0.590778	0.643167	-0.308084	0.0878487	-0.228526	0.230822	0.482704	
-0.597204	1.84382	-1.25543	0.00343972	0.338156	1.26872	-1.68579	-1.04843	
0.868383	0.498002	-0.611852	0.798481	-0.591651	-0.558224	1.41866	-0.477493	
0.435087	-1.51496	-0.342802	-0.362455	-0.641564	-0.135511	-0.222752	-0.358907	
-0.319746	-1.2124	-0.311916	0.00561167	-0.146992	-0.114821	-0.19273	-0.482809	
0.21689	-0.25297	-0.72085	0.146595	0.0387127	-0.53827	-1.36605	-0.203594	
0.605689	0.345588	0.169221	0.16356	-0.0107664	-0.0356204	-1.43768	-0.0539543	
0.493586	-1.15682	-1.22102	-0.715247	-0.505357	-1.05366	-0.397327	-0.637124	
0.27299	0.0790176	2.23201	0.780368	-1.8426	0.705144	1.46211	-1.44567	
-0.678058	-0.70129	-0.211439	-0.195172	0.11209	0.00304424	1.24567	0.224924	
-0.560554	1.08412	1.10868	1.02727	0.858748	1.2948	-0.517266	0.870416	
0.127773	-1.68841	0.482149	0.193524	-0.156708	-0.581645	-0.0458132	0.56551	
-0.488703	1.32474	1.02902	-1.48449	0.920822	0.665454	1.16702	0.911179	
-1.#IND	-1.#IND	-1.#IND	-1.#IND	-1.#IND	-1.#IND	-1.#IND	-1.#IND	
-0.462249	0.263967	-0.961918	0.290539	0.167466	0.742856	-1.85336	-0.598445	
0.884118	2.00675	1.763	-0.0111685	-0.0814013	1.35632	0.856818	0.675572	
-1.20429	1.82051	-1.27507	-0.330401	0.891586	-2.30288	1.1094	-0.649706	
0.0509486	-0.480931	-0.377111	0.325034	-0.354334	-0.482959	-0.804218	-0.501857	
0.814884	1.31108	-0.0336007	-0.0073296	0.443463	0.217429	-0.560749	0.777073	
0.66587	1.74187	-1.12319	0.69222	-0.427233	0.0458548	1.05	-1.00513	
-0.0108197	-1.28411	0.108583	0.208341	-0.0447893	-0.340143	-0.493285	0.338437	
-0.262453	-0.868876	0.243797	-0.131923	0.140441	-0.0444964	-0.765118	0.319761	
-0.273287	2.24031	-0.213832	-0.0889279	0.663707	-0.878342	0.689533	0.331111	
-1.#IND	-1.#IND	-1.#IND	-1.#IND	-1.#IND	-1.#IND	-1.#IND	-1.#IND	
-1.2655	-0.64559	0.16709	0.797106	0.811126	0.517543	-0.636166	-0.186284	
0.563349	-0.994725	-0.595973	-0.647065	-0.721792	-0.565466	0.16696	-0.481176	
-0.147056	-0.546165	-0.98951	-0.112601	0.256826	-0.6575	-0.971357	-0.0261185	
-1.#IND	-1.#IND	-1.#IND	-1.#IND	-1.#IND	-1.#IND	-1.#IND	-1.#IND	
211.358
-0.246018	-0.936354	-0.404097	0.135296	0.133688	-0.265489	-1.18005	0.00446961	
1.27835	-0.697329	-0.731577	-0.481049	-0.782584	-0.574855	-1.19392	-0.569018	
0.12367	-1.91063	0.628995	0.142529	-0.149674	-0.654136	-0.00544735	0.685347	
-0.621245	1.42059	-1.23853	0.08678	0.320357	1.20157	-1.92018	-0.961896	
-1.08662	-0.266212	0.431202	0.893052	0.834277	0.788729	-0.677149	0.117126	
-0.530138	1.21767	1.06553	0.961896	0.843186	1.17585	-0.412505	0.854128	
-0.11487	-1.66193	-0.337636	-0.0821198	-0.323763	0.0246489	-0.387731	-0.553058	
0.115226	-0.373843	-1.05315	-0.0019705	0.298342	-0.636392	-1.44089	-0.00294506	
0.0833401	-0.437778	-0.437828	0.291617	-0.288015	-0.497336	-0.911695	-0.452135	
0.492758	-1.36453	-0.649426	-0.539132	-0.640822	-0.394798	-0.186403	-0.429705	
-0.488703	1.32474	1.02902	-1.48449	0.920822	0.665454	1.16702	0.911179	
0.722537	2.23858	2.59135	-0.152182	0.0413853	1.8017	1.35818	0.759355	
-0.230138	-0.412728	0.47016	-0.337575	0.170688	0.00244594	-0.198345	0.352145	
0.126159	-1.37916	-0.037755	0.356363	-0.233876	-0.305198	-0.112529	0.231824	
0.846522	1.10605	-0.756365	0.652417	-0.527622	-0.408733	1.32135	-0.577942	
0.463831	0.135128	2.3227	0.89324	-1.98773	0.701466	1.13	-1.62952	
-0.175696	-0.252652	-0.475041	0.274042	0.0205734	0.238236	-0.991721	-0.229711	
1.1272	0.864251	0.406428	-0.116416	-0.498511	0.382158	0.160786	0.525052	
-1.#IND	-1.#IND	-1.#IND	-1.#IND	-1.#IND	-1.#IND	-1.#IND	-1.#IND	
-0.730486	-0.649963	0.33787	-0.172587	-0.197566	0.212741	1.82334	0.0502533	
-1.00035	2.15494	-0.894926	-0.171307	0.972715	-1.80333	0.927972	-0.244772	
-0.32779	-0.691776	-0.461425	-0.180467	-0.13007	-0.528744	0.151249	-0.468262	
0.679393	0.798192	0.0949136	-0.0822727	0.40018	0.25092	-1.17481	0.363202	
-0.171694	-1.10589	0.186237	-0.00639611	0.0817273	-0.193491	-0.708099	0.355306	
-1.13247	-0.276844	-0.299125	0.370205	0.69562	-0.252524	-0.154675	-0.407122	
0.0187202	-0.752441	0.700938	-0.253585	0.0325457	-0.359978	0.399718	0.547719	
0.950476	-0.562865	0.0748884	-0.364069	-0.76156	0.22451	-0.0592017	0.0933786	
-0.656156	-0.618634	-0.508746	-0.321274	0.323948	-0.224873	0.821773	0.306111	
-1.#IND	-1.#IND	-1.#IND	-1.#IND	-1.#IND	-1.#IND	-1.#IND	-1.#IND	
-0.531059	-1.09193	-0.0645043	0.301183	0.156487	0.273197	-0.451559	-0.316891	
-1.31837	-0.793164	0.222153	0.872318	0.827811	0.639703	-0.746749	-0.181967	
211.536
-0.246018	-0.936354	-0.404097	0.135296	0.133688	-0.265489	-1.18005	0.00446961	
1.27835	-0.697329	-0.731577	-0.481049	-0.782584	-0.574855	-1.19392	-0.569018	
0.12367	-1.91063	0.628995	0.142529	-0.149674	-0.654136	-0.00544735	0.685347	
-0.469221	0.61965	-1.19435	0.354629	0.165809	0.881649	-1.93149	-0.800618	
-0.742864	2.06134	-1.27387	-0.127499	0.443995	1.4575	-1.91114	-1.09092	
-1.08662	-0.266212	0.431202	0.893052	0.834277	0.788729	-0.677149	0.117126	
-0.530138	1.21767	1.06553	0.961896	0.843186	1.17585	-0.412505	0.854128	
-0.11487	-1.66193	-0.337636	-0.0821198	-0.323763	0.0246489	-0.387731	-0.553058	
0.115226	-0.373843	-1.05315	-0.0019705	0.298342	-0.636392	-1.44089	-0.00294506	
0.0833401	-0.437778	-0.437828	0.291617	-0.288015	-0.497336	-0.911695	-0.452135	
0.492758	-1.36453	-0.649426	-0.539132	-0.640822	-0.394798	-0.186403	-0.429705	
-0.488703	1.32474	1.02902	-1.48449	0.920822	0.665454	1.16702	0.911179	
0.722537	2.23858	2.59135	-0.152182	0.0413853	1.8017	1.35818	0.759355	
-0.230138	-0.412728	0.47016	-0.337575	0.170688	0.00244594	-0.198345	0.352145	
0.126159	-1.37916	-0.037755	0.356363	-0.233876	-0.305198	-0.112529	0.231824	
0.846522	1.10605	-0.756365	0.652417	-0.527622	-0.408733	1.32135	-0.577942	
0.463831	0.135128	2.3227	0.89324	-1.98773	0.701466	1.13	-1.62952	
-0.175696	-0.252652	-0.475041	0.274042	0.0205734	0.238236	-0.991721	-0.229711	
1.1272	0.864251	0.406428	-0.116416	-0.498511	0.382158	0.160786	0.525052	
-1.#IND	-1.#IND	-1.#IND	-1.#IND	-1.#IND	-1.#IND	-1.#IND	-1.#IND	
-0.730486	-0.649963	0.33787	-0.172587	-0.197566	0.212741	1.82334	0.0502533	
-1.00035	2.15494	-0.894926	-0.171307	0.972715	-1.80333	0.927972	-0.244772	
-0.32779	-0.691776	-0.461425	-0.180467	-0.13007	-0.528744	0.151249	-0.468262	
0.679393	0.798192	0.0949136	-0.0822727	0.40018	0.25092	-1.17481	0.363202	
-0.171694	-1.10589	0.186237	-0.00639611	0.0817273	-0.193491	-0.708099	0.355306	
-1.13247	-0.276844	-0.299125	0.370205	0.69562	-0.252524	-0.154675	-0.407122	
0.0187202	-0.752441	0.700938	-0.253585	0.0325457	-0.359978	0.399718	0.547719	
0.950476	-0.562865	0.0748884	-0.364069	-0.76156	0.22451	-0.0592017	0.0933786	
-0.656156	-0.618634	-0.508746	-0.321274	0.323948	-0.224873	0.821773	0.306111	
-1.#IND	-1.#IND	-1.#IND	-1.#IND	-1.#IND	-1.#IND	-1.#IND	-1.#IND	
-0.531059	-1.09193	-0.0645043	0.301183	0.156487	0.273197	-0.451559	-0.316891	
-1.31837	-0.793164	0.222153	0.872318	0.827811	0.639703	-0.746749	-0.181967	
213.846
-0.246018	-0.936354	-0.404097	0.135296	0.133688	-0.265489	-1.18005	0.00446961	
1.16272	0.219661	0.304732	-0.364128	-0.712459	0.291345	0.121869	0.410655	
0.101083	-1.92243	0.715862	0.0834488	-0.125804	-0.610504	0.0006463	0.732592	
-0.469221	0.61965	-1.19435	0.354629	0.165809	0.881649	-1.93149	-0.800618	
-0.193742	-1.26861	-0.69606	1.13443	-0.17004	0.655918	0.982726	0.212299	
0.504257	-1.47017	-0.376035	-0.424322	-0.685757	-0.207983	-0.167131	-0.352847	
-0.742864	2.06134	-1.27387	-0.127499	0.443995	1.4575	-1.91114	-1.09092	
-0.433278	1.30267	1.3656	0.857957	0.831946	1.39561	-0.28243	0.978512	
-0.11487	-1.66193	-0.337636	-0.0821198	-0.323763	0.0246489	-0.387731	-0.553058	
0.103859	-0.386752	-0.98332	0.0297072	0.22703	-0.619571	-1.36889	-0.05562	
0.148862	-0.451374	-0.425269	0.265182	-0.338235	-0.495632	-0.908737	-0.477846	
-0.246875	-0.415942	0.401237	-0.299031	0.170671	0.0321732	-0.298076	0.315103	
0.125117	-1.40222	0.143326	0.345774	-0.175454	-0.482266	-0.241895	0.332751	
0.54126	0.348592	2.17549	1.17484	-2.06953	0.399451	0.541799	-1.72552	
-0.175696	-0.252652	-0.475041	0.274042	0.0205734	0.238236	-0.991721	-0.229711	
0.992311	2.10826	1.24794	0.0210731	-0.150767	0.84418	0.769589	0.663143	
-0.48351	-0.55992	2.20887	0.272883	-1.58756	0.946094	3.24762	-1.05757	
-0.954454	2.00788	-0.796013	-0.124855	0.927844	-1.62797	0.84125	-0.208746	
-0.488703	1.32474	1.02902	-1.48449	0.920822	0.665454	1.16702	0.911179	
-0.390371	-0.58035	-0.339961	-0.0749205	-0.0280653	-0.35229	0.137987	-0.271842	
0.679393	0.798192	0.0949136	-0.0822727	0.40018	0.25092	-1.17481	0.363202	
0.890788	1.3541	-1.02949	0.862204	-0.589278	-0.284135	1.44551	-0.884543	
-0.171694	-1.10589	0.186237	-0.00639611	0.0817273	-0.193491	-0.708099	0.355306	
-1.#IND	-1.#IND	-1.#IND	-1.#IND	-1.#IND	-1.#IND	-1.#IND	-1.#IND	
-1.13247	-0.276844	-0.299125	0.370205	0.69562	-0.252524	-0.154675	-0.407122	
-0.0176616	-0.681927	0.709921	-0.301218	0.0601882	-0.311275	0.359891	0.538238	
-0.686985	-0.635444	-0.298917	-0.334688	0.256103	-0.0522765	1.13074	0.326952	
-1.#IND	-1.#IND	-1.#IND	-1.#IND	-1.#IND	-1.#IND	-1.#IND	-1.#IND	
-0.531059	-1.09193	-0.0645043	0.301183	0.156487	0.273197	-0.451559	-0.316891	
-1.21537	-0.558963	0.315064	0.881533	0.830685	0.705937	-0.715816	-0.0490371	
0.340371	-1.17398	-1.09115	-0.741928	-0.520815	-0.988071	0.000148	-0.605544	
0.571596	-0.0639914	-0.223123	0.518031	-0.400046	-0.491142	0.911815	-0.133732	
-1.#IND	-1.#IND	-1.#IND	-1.#IND	-1.#IND	-1.#IND	-1.#IND	-1.#IND	
213.742
-0.246018	-0.936354	-0.404097	0.135296	0.133688	-0.265489	-1.18005	0.00446961	
1.2103	0.129111	0.374659	-0.328405	-0.749281	0.416337	0.0513804	0.449834	
-0.669326	0.574128	-1.20471	0.253461	0.284758	1.06726	-2.38897	-0.78882	
0.868383	0.498002	-0.611852	0.798481	-0.591651	-0.558224	1.41866	-0.477493	
0.128754	-1.12596	0.0808795	0.332259	-0.170892	-0.381145	-0.196968	0.250531	
-0.955634	2.02873	-0.997594	-0.429124	0.611649	1.58624	-2.09441	-0.912426	
0.234949	-1.46532	-0.402979	-0.301245	-0.527739	-0.121767	-0.235078	-0.474981	
0.0923955	-0.49813	-1.02316	0.0957943	0.124906	-0.718383	-1.46029	-0.178199	
-0.469474	1.5722	1.2837	-1.63185	0.879022	0.656725	0.995266	0.807659	
-0.389104	-0.758531	-0.478415	-0.147322	-0.0641568	-0.475972	0.116922	-0.425608	
-0.230138	-0.412728	0.47016	-0.337575	0.170688	0.00244594	-0.198345	0.352145	
0.222647	-1.94067	0.358743	0.11324	-0.284266	-0.711278	-0.0846655	0.486719	
1.02644	1.7007	0.00915412	-0.249985	-0.289012	-0.439643	0.556903	0.613917	
0.113087	0.940211	-0.391191	0.0713126	-0.0365893	0.207382	0.253645	-0.403288	
0.0270332	-1.27228	0.0378309	0.334003	-0.105011	-0.306861	-0.523241	0.250543	
-0.175696	-0.252652	-0.475041	0.274042	0.0205734	0.238236	-0.991721	-0.229711	
0.528741	1.87669	1.67436	0.305209	0.186809	1.42104	0.482577	0.807035	
0.028875	-0.105664	2.19218	0.723863	-1.82854	0.672773	1.89471	-1.39155	
-0.954454	2.00788	-0.796013	-0.124855	0.927844	-1.62797	0.84125	-0.208746	
-0.704015	-0.414031	-0.284783	-0.480072	0.476874	0.0682327	1.33243	0.563215	
0.0357707	-0.503928	-0.382912	0.327469	-0.362409	-0.488716	-0.785138	-0.508477	
0.741455	1.1164	0.0950077	-0.184036	0.582334	0.440963	-0.961075	0.544187	
0.942261	2.14271	-1.48919	1.00267	-0.622555	-0.0349086	1.44817	-1.30604	
-0.243175	-1.21007	0.24462	0.0155918	0.0904556	-0.0863324	-0.774485	0.310527	
0.119657	1.474	-1.77112	0.868567	-0.208828	0.633697	-0.868561	-1.32045	
-1.13247	-0.276844	-0.299125	0.370205	0.69562	-0.252524	-0.154675	-0.407122	
0.0669924	-1.36109	0.753274	-0.106311	-0.0482235	-0.490756	0.247921	0.663447	
0.258204	-1.02104	-1.19209	-0.442208	-0.00305667	-0.836777	-0.741403	0.0844705	
-1.#IND	-1.#IND	-1.#IND	-1.#IND	-1.#IND	-1.#IND	-1.#IND	-1.#IND	
-0.316055	-0.9832	-0.192718	0.321598	-0.15788	0.33389	0.796256	0.105724	
0.491892	-0.0354825	-0.27771	0.0747437	-0.110726	-0.286877	-1.22693	-0.186523	
-1.#IND	-1.#IND	-1.#IND	-1.#IND	-1.#IND	-1.#IND	-1.#IND	-1.#IND	
-1.12095	-0.26777	0.474486	0.928884	0.851906	0.836529	-0.688492	0.116827	
-1.#IND	-1.#IND	-1.#IND	-1.#IND	-1.#IND	-1.#IND	-1.#IND	-1.#IND	
213.383
0.00356283	-0.514892	-0.516654	0.479675	-0.115653	0.0218697	-0.785268	-0.217439	
1.02441	1.32112	-0.0762191	1.23981	-0.219335	-0.160364	-0.158642	0.831469	
1.16272	0.219661	0.304732	-0.364128	-0.712459	0.291345	0.121869	0.410655	
-0.669326	0.574128	-1.20471	0.253461	0.284758	1.06726	-2.38897	-0.78882	
0.103013	-1.24456	0.0683039	0.354442	-0.160177	-0.381343	-0.314617	0.262463	
-0.167576	-1.08125	-0.578467	-0.298611	-0.321891	-0.572508	0.134374	-0.646494	
-0.955634	2.02873	-0.997594	-0.429124	0.611649	1.58624	-2.09441	-0.912426	
-0.206472	-1.62193	-0.285678	0.000767709	-0.237864	0.09178	-0.426351	-0.522425	
0.15221	-0.349052	-0.86695	0.0962297	0.118601	-0.600648	-1.37658	-0.146468	
-0.392216	1.78112	1.49711	-1.53125	0.861104	0.831561	1.15008	0.914076	
-0.325271	-0.666263	1.26517	0.517299	-1.21808	0.548443	2.01466	-0.837371	
-0.246875	-0.415942	0.401237	-0.299031	0.170671	0.0321732	-0.298076	0.315103	
0.12367	-1.91063	0.628995	0.142529	-0.149674	-0.654136	-0.00544735	0.685347	
0.752805	2.7239	-0.105775	-0.405509	0.18252	-0.780226	0.679788	0.825439	
-0.871103	1.93037	-0.669546	-0.114124	0.824639	-1.49713	0.872888	-0.196277	
-0.269064	-0.232832	-0.34199	0.131839	0.097656	0.294793	-1.03023	-0.146861	
-0.550175	1.18452	1.0984	1.00032	0.86095	1.23458	-0.452285	0.867742	
1.00283	1.75149	1.92111	0.300673	-0.554227	1.31756	0.634303	0.0912591	
-0.0248713	-0.569721	0.659925	-0.300878	0.0680628	-0.268799	0.34935	0.489097	
-0.688256	-0.468929	-0.260222	-0.460629	0.436407	0.0919027	1.30761	0.540996	
0.0658754	-0.444476	-0.358611	0.308305	-0.358637	-0.498481	-0.838563	-0.515211	
0.679393	0.798192	0.0949136	-0.0822727	0.40018	0.25092	-1.17481	0.363202	
0.88318	0.805751	-0.737648	0.811617	-0.59195	-0.47015	1.46661	-0.610727	
-0.0865342	-1.38881	0.289846	0.120232	-0.00741945	-0.273701	-0.584809	0.41906	
-0.322165	-1.13735	0.199435	-0.0626863	0.120206	-0.0809769	-0.798626	0.344411	
0.605457	-1.45029	-0.386292	-0.480712	-0.748732	-0.240799	-0.133252	-0.327021	
0.284445	1.51935	-1.33693	0.66222	-0.240384	0.396831	-0.0728852	-1.07478	
-1.#IND	-1.#IND	-1.#IND	-1.#IND	-1.#IND	-1.#IND	-1.#IND	-1.#IND	
-1.24033	0.096754	-0.68548	0.0113073	0.732945	-0.941468	0.216639	-0.574458	
-0.252288	-0.563336	-0.510704	-0.0566808	0.129432	-0.383834	-0.17897	-0.0101545	
-1.#IND	-1.#IND	-1.#IND	-1.#IND	-1.#IND	-1.#IND	-1.#IND	-1.#IND	
-1.#IND	-1.#IND	-1.#IND	-1.#IND	-1.#IND	-1.#IND	-1.#IND	-1.#IND	
-1.1737	-0.675488	0.288306	0.848928	0.772363	0.703466	-0.728327	-0.0831147	
-0.226769	-0.915587	-0.300196	0.0481372	0.164108	-0.297843	-1.21658	0.0671129	
1.16263	-1.15803	-1.37217	-0.814045	-0.66186	-0.945533	-1.07612	-0.331945	
213.438
0.00356283	-0.514892	-0.516654	0.479675	-0.115653	0.0218697	-0.785268	-0.217439	
1.02441	1.32112	-0.0762191	1.23981	-0.219335	-0.160364	-0.158642	0.831469	
1.19249	0.273753	0.464338	-0.26163	-0.686031	0.501326	0.0346293	0.536298	
-0.669326	0.574128	-1.20471	0.253461	0.284758	1.06726	-2.38897	-0.78882	
0.103013	-1.24456	0.0683039	0.354442	-0.160177	-0.381343	-0.314617	0.262463	
0.261262	-1.26477	-0.86985	-0.594199	-0.507709	-0.729827	-0.0489851	-0.598202	
-0.955634	2.02873	-0.997594	-0.429124	0.611649	1.58624	-2.09441	-0.912426	
-0.207299	-1.59731	-0.307404	-0.0164632	-0.236673	0.0531692	-0.403126	-0.532682	
0.181283	-0.425809	-0.479175	0.226972	-0.299239	-0.530731	-1.01069	-0.456516	
-0.284505	1.86969	1.55225	-1.45857	0.853474	0.934513	1.16403	0.942671	
-0.534748	-0.786544	-0.000975347	0.0870819	-0.256716	-0.00821037	1.06474	-0.218127	
-0.246875	-0.415942	0.401237	-0.299031	0.170671	0.0321732	-0.298076	0.315103	
0.12367	-1.91063	0.628995	0.142529	-0.149674	-0.654136	-0.00544735	0.685347	
1.02685	1.77661	0.0262288	-0.547944	-0.302947	-0.495499	0.700013	0.570407	
0.554618	1.81036	-1.22231	0.674446	-0.367151	0.188517	0.741674	-1.06519	
-0.269064	-0.232832	-0.34199	0.131839	0.097656	0.294793	-1.03023	-0.146861	
-0.550175	1.18452	1.0984	1.00032	0.86095	1.23458	-0.452285	0.867742	
0.718301	1.30051	2.18451	0.409619	-0.958295	1.25473	1.19976	-0.497475	
0.00039677	-0.659788	-0.99603	0.0087015	0.206525	-0.725385	-1.45473	-0.0543619	
-0.0248713	-0.569721	0.659925	-0.300878	0.0680628	-0.268799	0.34935	0.489097	
-0.954454	2.00788	-0.796013	-0.124855	0.927844	-1.62797	0.84125	-0.208746	
-0.75181	-0.417954	-0.296305	-0.560124	0.570449	0.133209	1.46958	0.682366	
0.0227438	-0.451105	0.349435	0.53575	-0.913763	-0.278819	-0.138513	-0.903363	
0.648878	0.72038	-0.010249	-0.0676035	0.396539	0.174203	-1.23354	0.332533	
0.871458	0.668295	-0.660022	0.787602	-0.584843	-0.509185	1.45681	-0.540185	
-0.206232	-1.32182	0.255444	0.0311598	0.0524646	-0.202705	-0.671979	0.400369	
0.644823	-1.49045	-0.329168	-0.452949	-0.760717	-0.173694	-0.180727	-0.265427	
0.119657	1.474	-1.77112	0.868567	-0.208828	0.633697	-0.868561	-1.32045	
-1.#IND	-1.#IND	-1.#IND	-1.#IND	-1.#IND	-1.#IND	-1.#IND	-1.#IND	
-0.887886	-0.352945	-0.3024	0.242397	0.498415	-0.256734	-0.114206	-0.393167	
-0.267995	-0.479145	-0.325128	-0.080629	0.0335229	-0.329759	0.0135463	-0.0192234	
-1.#IND	-1.#IND	-1.#IND	-1.#IND	-1.#IND	-1.#IND	-1.#IND	-1.#IND	
-1.#IND	-1.#IND	-1.#IND	-1.#IND	-1.#IND	-1.#IND	-1.#IND	-1.#IND	
-1.#IND	-1.#IND	-1.#IND	-1.#IND	-1.#IND	-1.#IND	-1.#IND	-1.#IND	
-1.1737	-0.675488	0.288306	0.848928	0.772363	0.703466	-0.728327	-0.0831147	
-0.272927	-0.777591	-0.123328	0.0664044	0.179374	-0.0379783	-0.982758	0.104174	
213.326
-0.955634	2.02873	-0.997594	-0.429124	0.611649	1.58624	-2.09441	-0.912426	
0.54126	0.348592	2.17549	1.17484	-2.06953	0.399451	0.541799	-1.72552	
-0.0723157	-0.590778	0.643167	-0.308084	0.0878487	-0.228526	0.230822	0.482704	
-0.421671	-0.661246	-0.477708	-0.138033	-0.0220491	-0.500956	0.140713	-0.413612	
-0.813593	2.24222	-0.417772	0.0246885	0.979829	-1.13792	0.763531	0.18392	
-0.654102	-0.677655	-0.325393	-0.236747	0.227693	-0.00506353	1.12088	0.319308	
1.2103	0.129111	0.374659	-0.328405	-0.749281	0.416337	0.0513804	0.449834	
-0.302083	-1.46319	-0.365463	0.0113141	-0.220029	-0.124023	-0.343994	-0.621193	
0.00547025	-1.85411	0.634661	0.0458683	-0.0790912	-0.54422	-0.122992	0.68778	
-0.580571	0.403033	-1.01711	0.223562	0.24273	0.89729	-2.08803	-0.649203	
0.58606	1.98276	1.64604	0.246415	0.161766	1.3443	0.555264	0.813963	
-1.#IND	-1.#IND	-1.#IND	-1.#IND	-1.#IND	-1.#IND	-1.#IND	-1.#IND	
-0.146061	0.785606	0.0843527	-0.829611	1.16317	0.8035	1.16835	1.34624	
0.592357	-1.29504	-0.583441	-0.515368	-0.678026	-0.333572	-0.257092	-0.404355	
0.907566	1.40152	-0.114912	0.473834	-0.108034	-0.262618	-0.0339666	0.772147	
0.124624	-1.31304	0.0854536	0.216496	-0.169612	-0.448882	-0.255914	0.281962	
-1.#IND	-1.#IND	-1.#IND	-1.#IND	-1.#IND	-1.#IND	-1.#IND	-1.#IND	
-0.282466	-0.807053	0.0512356	0.0272827	0.157373	0.0361411	-0.852934	0.170719	
-0.0446143	-1.55301	-0.169294	0.00508786	-0.312172	0.228915	-0.45318	-0.413327	
0.119657	1.474	-1.77112	0.868567	-0.208828	0.633697	-0.868561	-1.32045	
-1.#IND	-1.#IND	-1.#IND	-1.#IND	-1.#IND	-1.#IND	-1.#IND	-1.#IND	
0.394303	1.54958	-1.04748	0.524655	-0.261421	0.238921	0.457565	-0.910998	
-0.48351	-0.55992	2.20887	0.272883	-1.58756	0.946094	3.24762	-1.05757	
-1.#IND	-1.#IND	-1.#IND	-1.#IND	-1.#IND	-1.#IND	-1.#IND	-1.#IND	
-1.16575	1.65637	-1.36338	-0.349169	0.849867	-2.36304	0.957829	-0.797746	
-1.#IND	-1.#IND	-1.#IND	-1.#IND	-1.#IND	-1.#IND	-1.#IND	-1.#IND	
0.714016	0.742639	0.00125583	-0.0259068	0.365197	0.150365	-1.40418	0.291613	
-0.846822	2.02451	1.35527	-1.92945	0.898857	0.887807	0.642348	0.471858	
-1.#IND	-1.#IND	-1.#IND	-1.#IND	-1.#IND	-1.#IND	-1.#IND	-1.#IND	
-0.278802	0.899315	1.67958	-1.50768	0.506197	0.0378013	1.60784	0.834287	
0.961176	1.42187	-0.0298415	-0.575511	-0.40656	-0.651281	0.994732	0.332114	
0.937436	1.93416	-1.1989	0.859786	-0.593046	-0.147211	1.64243	-1.09925	
0.0596659	-0.498835	-0.622508	0.211485	-0.106719	-0.526986	-1.10289	-0.300938	
-1.#IND	-1.#IND	-1.#IND	-1.#IND	-1.#IND	-1.#IND	-1.#IND	-1.#IND	
-1.0953	-0.189797	0.4879	0.921791	0.852177	0.828889	-0.664998	0.144881	
0.919944	0.520549	-0.691579	0.877102	-0.632742	-0.58194	1.45244	-0.531032	
-1.#IND	-1.#IND	-1.#IND	-1.#IND	-1.#IND	-1.#IND	-1.#IND	-1.#IND	
216.777
0.119657	1.474	-1.77112	0.868567	-0.208828	0.633697	-0.868561	-1.32045	
0.682749	1.0212	2.42949	0.840539	-1.55163	0.926525	0.934474	-1.09482	
-0.936668	-0.737797	-0.443592	0.293357	0.5324	-0.204234	-0.422269	-0.393643	
-0.0723157	-0.590778	0.643167	-0.308084	0.0878487	-0.228526	0.230822	0.482704	
-0.316055	-0.9832	-0.192718	0.321598	-0.15788	0.33389	0.796256	0.105724	
1.16272	0.219661	0.304732	-0.364128	-0.712459	0.291345	0.121869	0.410655	
-0.148918	2.34825	-0.269063	-0.15454	0.628307	-0.946	0.690749	0.393444	
-0.722087	-0.61102	-0.385334	-0.363389	0.318264	-0.112372	1.13307	0.355959	
1.2642	2.43602	0.486343	0.587529	-0.189211	0.534301	0.412166	0.421938	
0.803059	-1.06005	-0.906451	-0.713857	-0.697819	-0.717493	-0.330271	-0.421484	
-0.32779	-0.691776	-0.461425	-0.180467	-0.13007	-0.528744	0.151249	-0.468262	
0.00547025	-1.85411	0.634661	0.0458683	-0.0790912	-0.54422	-0.122992	0.68778	
-0.664266	0.92466	-1.14744	0.124996	0.316823	1.11863	-2.16117	-0.815737	
-1.#IND	-1.#IND	-1.#IND	-1.#IND	-1.#IND	-1.#IND	-1.#IND	-1.#IND	
-0.226882	0.825363	0.117079	-0.931977	1.27888	0.900754	1.44397	1.49988	
0.421465	-1.44384	-0.372529	-0.358117	-0.632624	-0.0742453	-0.243433	-0.397672	
0.124624	-1.31304	0.0854536	0.216496	-0.169612	-0.448882	-0.255914	0.281962	
0.0505278	-0.449614	-0.359776	0.353437	-0.358065	-0.408786	-0.762484	-0.49924	
0.0323402	-0.555097	-1.25039	-0.0176022	0.325021	-0.770556	-1.5138	-0.0208994	
-0.231661	-0.800803	0.131929	-0.0296391	0.116696	0.0176754	-0.885929	0.23162	
-0.229053	-1.64109	-0.31455	-0.0124245	-0.23304	0.0516012	-0.415485	-0.552038	
-1.#IND	-1.#IND	-1.#IND	-1.#IND	-1.#IND	-1.#IND	-1.#IND	-1.#IND	
-0.48351	-0.55992	2.20887	0.272883	-1.58756	0.946094	3.24762	-1.05757	
-1.29876	-0.737776	0.283644	0.903831	0.840002	0.71006	-0.756539	-0.131075	
-1.20429	1.82051	-1.27507	-0.330401	0.891586	-2.30288	1.1094	-0.649706	
-1.49496	3.25444	-0.026767	-1.69722	1.19975	2.10371	-1.6015	-0.536359	
-1.#IND	-1.#IND	-1.#IND	-1.#IND	-1.#IND	-1.#IND	-1.#IND	-1.#IND	
0.753097	1.2508	0.0206066	-0.328105	0.811127	0.53746	-0.911937	0.780357	
-0.846822	2.02451	1.35527	-1.92945	0.898857	0.887807	0.642348	0.471858	
-1.#IND	-1.#IND	-1.#IND	-1.#IND	-1.#IND	-1.#IND	-1.#IND	-1.#IND	
-0.278802	0.899315	1.67958	-1.50768	0.506197	0.0378013	1.60784	0.834287	
0.66587	1.74187	-1.12319	0.69222	-0.427233	0.0458548	1.05	-1.00513	
0.445008	0.186951	-0.124313	0.147685	0.00601245	-0.165795	-1.23968	-0.0959555	
-1.#IND	-1.#IND	-1.#IND	-1.#IND	-1.#IND	-1.#IND	-1.#IND	-1.#IND	
-0.652525	0.842305	0.975559	0.990967	0.847624	1.18277	-0.533751	0.725457	
0.00550055	-0.693866	-0.642495	0.179834	-0.077136	-0.60143	-1.28358	-0.256641	
0.868383	0.498002	-0.611852	0.798481	-0.591651	-0.558224	1.41866	-0.477493	
0.584722	1.75246	1.62705	0.0178922	0.244582	1.33575	0.519967	1.06679	
215.242
-0.955634	2.02873	-0.997594	-0.429124	0.611649	1.58624	-2.09441	-0.912426	
-0.129415	-0.325345	2.31679	0.188656	-1.50221	1.16368	2.84257	-1.02588	
-0.125302	-1.28971	0.451645	-0.0713313	0.0234884	-0.25114	-0.341574	0.484936	
0.0395901	0.52686	1.39384	-1.02251	0.23825	-0.272133	1.79509	0.71772	
-0.0591738	-0.601792	0.686719	-0.328018	0.084752	-0.25249	0.294396	0.50964	
-0.813593	2.24222	-0.417772	0.0246885	0.979829	-1.13792	0.763531	0.18392	
-0.66885	-0.700284	-0.373147	-0.250575	0.253119	-0.0238641	1.10987	0.336498	
0.714261	1.96039	0.0544437	0.266224	-0.116324	0.668864	0.463734	-0.413628	
1.2103	0.129111	0.374659	-0.328405	-0.749281	0.416337	0.0513804	0.449834	
-0.580571	0.403033	-1.01711	0.223562	0.24273	0.89729	-2.08803	-0.649203	
-0.394985	0.473881	-0.00556758	-0.837703	1.09533	0.684007	1.48631	1.28983	
0.515012	-1.38068	-0.448433	-0.46427	-0.701734	-0.204433	-0.146721	-0.418946	
0.0977232	-1.46527	0.253447	0.254607	-0.128668	-0.512525	-0.196161	0.429237	
0.398683	1.90545	-1.96743	1.05616	-0.376246	0.523131	-0.290572	-1.52244	
-0.207299	-1.59731	-0.307404	-0.0164632	-0.236673	0.0531692	-0.403126	-0.532682	
-1.#IND	-1.#IND	-1.#IND	-1.#IND	-1.#IND	-1.#IND	-1.#IND	-1.#IND	
-0.747124	-0.70883	1.00137	0.220345	-0.94563	0.204857	2.26422	-0.611884	
-0.282947	-0.661827	-0.41497	-0.0966544	-0.184435	-0.508886	0.0535138	-0.478375	
-1.2655	-0.64559	0.16709	0.797106	0.811126	0.517543	-0.636166	-0.186284	
-1.42068	1.74855	-1.37464	-0.173462	1.04097	-2.38899	0.839205	-0.829573	
-1.#IND	-1.#IND	-1.#IND	-1.#IND	-1.#IND	-1.#IND	-1.#IND	-1.#IND	
0.455882	0.427497	-0.235796	0.00319833	0.274336	-0.0256781	-1.0814	0.14987	
0.682749	1.0212	2.42949	0.840539	-1.55163	0.926525	0.934474	-1.09482	
0.485155	2.05482	1.79463	-0.45553	0.676999	1.54206	1.07648	1.24504	
-1.#IND	-1.#IND	-1.#IND	-1.#IND	-1.#IND	-1.#IND	-1.#IND	-1.#IND	
0.584935	-2.29731	-0.0158032	-0.410183	-0.739907	-0.809439	0.00474565	0.067512	
-0.784415	1.83633	1.50779	-1.9453	0.867679	0.752789	0.836906	0.591607	
1.07066	1.72422	-0.114598	-0.651612	-0.360558	-0.662233	0.747209	0.495845	
0.953587	1.78235	-1.07043	0.818717	-0.593212	-0.229897	1.74157	-0.993226	
0.838246	1.54027	0.693419	0.258662	0.193388	0.757969	-0.282678	0.982557	
0.053549	-0.514949	-0.753059	0.221875	-0.0973326	-0.588547	-1.14248	-0.333619	
0.309563	-0.07196	-0.122467	0.211769	-0.164652	-0.270259	-1.08746	-0.252933	
-0.652525	0.842305	0.975559	0.990967	0.847624	1.18277	-0.533751	0.725457	
-0.400952	1.37983	-1.32959	-0.876289	0.276561	-2.28519	1.3137	-0.702265	
0.855017	0.415111	-0.604537	0.808777	-0.591445	-0.566251	1.35662	-0.457727	
-0.247656	-0.846374	-0.151229	0.0384503	0.140586	-0.125599	-1.08547	0.111247	
-1.#IND	-1.#IND	-1.#IND	-1.#IND	-1.#IND	-1.#IND	-1.#IND	-1.#IND	
-1.#IND	-1.#IND	-1.#IND	-1.#IND	-1.#IND	-1.#IND	-1.#IND	-1.#IND	
0.875957	-0.981034	-1.07847	-0.702724	-0.591098	-0.80708	-0.661785	-0.350853	
215.537
-0.955634	2.02873	-0.997594	-0.429124	0.611649	1.58624	-2.09441	-0.912426	
-0.129415	-0.325345	2.31679	0.188656	-1.50221	1.16368	2.84257	-1.02588	
-0.125302	-1.28971	0.451645	-0.0713313	0.0234884	-0.25114	-0.341574	0.484936	
0.0395901	0.52686	1.39384	-1.02251	0.23825	-0.272133	1.79509	0.71772	
-0.0591738	-0.601792	0.686719	-0.328018	0.084752	-0.25249	0.294396	0.50964	
-0.813593	2.24222	-0.417772	0.0246885	0.979829	-1.13792	0.763531	0.18392	
-0.66885	-0.700284	-0.373147	-0.250575	0.253119	-0.0238641	1.10987	0.336498	
0.714261	1.96039	0.0544437	0.266224	-0.116324	0.668864	0.463734	-0.413628	
1.2103	0.129111	0.374659	-0.328405	-0.749281	0.416337	0.0513804	0.449834	
-0.580571	0.403033	-1.01711	0.223562	0.24273	0.89729	-2.08803	-0.649203	
-0.394985	0.473881	-0.00556758	-0.837703	1.09533	0.684007	1.48631	1.28983	
0.477713	-1.40607	-0.362802	-0.380391	-0.663042	-0.075101	-0.224555	-0.373434	
0.0977232	-1.46527	0.253447	0.254607	-0.128668	-0.512525	-0.196161	0.429237	
0.398683	1.90545	-1.96743	1.05616	-0.376246	0.523131	-0.290572	-1.52244	
-0.0360988	-0.894934	-0.645963	-0.371183	-0.303878	-0.624728	0.0607847	-0.471177	
-0.30374	-1.50237	-0.322848	0.00991039	-0.154381	0.00538618	-0.373783	-0.540391	
-1.#IND	-1.#IND	-1.#IND	-1.#IND	-1.#IND	-1.#IND	-1.#IND	-1.#IND	
-0.747124	-0.70883	1.00137	0.220345	-0.94563	0.204857	2.26422	-0.611884	
0.0361419	-0.488247	-0.330386	0.340259	-0.388354	-0.457384	-0.722303	-0.516264	
-1.2655	-0.64559	0.16709	0.797106	0.811126	0.517543	-0.636166	-0.186284	
-1.42068	1.74855	-1.37464	-0.173462	1.04097	-2.38899	0.839205	-0.829573	
-1.#IND	-1.#IND	-1.#IND	-1.#IND	-1.#IND	-1.#IND	-1.#IND	-1.#IND	
0.455882	0.427497	-0.235796	0.00319833	0.274336	-0.0256781	-1.0814	0.14987	
0.682749	1.0212	2.42949	0.840539	-1.55163	0.926525	0.934474	-1.09482	
0.598157	2.32052	2.10695	-0.580065	0.762185	1.82873	1.27534	1.43875	
-1.#IND	-1.#IND	-1.#IND	-1.#IND	-1.#IND	-1.#IND	-1.#IND	-1.#IND	
0.584935	-2.29731	-0.0158032	-0.410183	-0.739907	-0.809439	0.00474565	0.067512	
-0.784415	1.83633	1.50779	-1.9453	0.867679	0.752789	0.836906	0.591607	
1.07066	1.72422	-0.114598	-0.651612	-0.360558	-0.662233	0.747209	0.495845	
0.953587	1.78235	-1.07043	0.818717	-0.593212	-0.229897	1.74157	-0.993226	
0.736235	1.44984	0.642263	0.248494	0.199797	0.685832	-0.242136	0.904106	
0.138157	-0.532508	-0.952904	0.093903	0.0112224	-0.642468	-1.32195	-0.244726	
0.35324	-0.0342604	-0.143512	0.190489	-0.111574	-0.273836	-1.20616	-0.207065	
-0.652525	0.842305	0.975559	0.990967	0.847624	1.18277	-0.533751	0.725457	
-0.400952	1.37983	-1.32959	-0.876289	0.276561	-2.28519	1.3137	-0.702265	
0.855017	0.415111	-0.604537	0.808777	-0.591445	-0.566251	1.35662	-0.457727	
-1.#IND	-1.#IND	-1.#IND	-1.#IND	-1.#IND	-1.#IND	-1.#IND	-1.#IND	
-0.247656	-0.846374	-0.151229	0.0384503	0.140586	-0.125599	-1.08547	0.111247	
-1.#IND	-1.#IND	-1.#IND	-1.#IND	-1.#IND	-1.#IND	-1.#IND	-1.#IND	
-1.#IND	-1.#IND	-1.#IND	-1.#IND	-1.#IND	-1.#IND	-1.#IND	-1.#IND	
213.814
-0.955634	2.02873	-0.997594	-0.429124	0.611649	1.58624	-2.09441	-0.912426	
-0.129415	-0.325345	2.31679	0.188656	-1.50221	1.16368	2.84257	-1.02588	
1.02685	1.77661	0.0262288	-0.547944	-0.302947	-0.495499	0.700013	0.570407	
0.1401	1.06241	2.37774	-1.74584	0.369064	-0.487845	3.29354	1.19205	
-0.0851899	-0.571028	0.599582	-0.294541	0.0900065	-0.19871	0.167952	0.452787	
-0.813593	2.24222	-0.417772	0.0246885	0.979829	-1.13792	0.763531	0.18392	
-0.651645	-0.52775	-0.309234	-0.357983	0.39227	0.0968418	1.23389	0.501292	
0.674953	-1.18539	-0.277334	-0.446083	-0.775005	-0.0660136	-0.0960765	-0.293754	
-0.509221	0.251344	-0.859622	0.204812	0.209917	0.758271	-1.84548	-0.532036	
0.733865	2.07509	1.90237	-0.00374477	0.011608	1.43548	1.01233	0.53505	
0.316309	-1.6621	-0.401453	-0.341318	-0.577986	-0.211488	-0.260985	-0.404175	
0.0167606	-1.4917	0.320326	0.162544	-0.0809652	-0.436868	-0.296876	0.463557	
0.284445	1.51935	-1.33693	0.66222	-0.240384	0.396831	-0.0728852	-1.07478	
-1.#IND	-1.#IND	-1.#IND	-1.#IND	-1.#IND	-1.#IND	-1.#IND	-1.#IND	
-0.00569341	-0.903226	-0.690602	-0.372457	-0.326515	-0.671654	0.084762	-0.486594	
-0.0700404	-0.675483	-0.902816	0.0343993	0.219372	-0.616867	-1.35353	-0.0548671	
-0.289088	-1.48216	-0.265377	0.0223326	-0.131976	0.0397488	-0.524599	-0.426455	
-1.#IND	-1.#IND	-1.#IND	-1.#IND	-1.#IND	-1.#IND	-1.#IND	-1.#IND	
-0.747124	-0.70883	1.00137	0.220345	-0.94563	0.204857	2.26422	-0.611884	
-0.77634	-0.326526	-0.290269	0.091009	0.394851	-0.290994	-0.089478	-0.326445	
-1.16575	1.65637	-1.36338	-0.349169	0.849867	-2.36304	0.957829	-0.797746	
-1.#IND	-1.#IND	-1.#IND	-1.#IND	-1.#IND	-1.#IND	-1.#IND	-1.#IND	
0.372332	0.332257	-0.420465	-0.0784599	0.400464	-0.0847291	-1.07237	0.254602	
0.366929	0.131366	2.23824	1.19593	-2.21202	0.35633	0.881061	-1.83307	
-0.529924	1.97153	0.998258	-1.65044	1.09186	1.01109	0.673706	0.802101	
-1.#IND	-1.#IND	-1.#IND	-1.#IND	-1.#IND	-1.#IND	-1.#IND	-1.#IND	
-0.516079	1.00081	1.50971	-1.57082	0.634037	0.322737	0.983428	0.721287	
0.61284	0.0304987	-0.04134	0.396661	-0.397165	-0.552525	1.23492	-0.0480653	
1.04942	1.73194	-1.06196	0.880864	-0.656816	-0.338216	1.92713	-0.979333	
0.940955	1.34368	0.198166	0.2164	0.340813	0.376675	-0.844135	0.589142	
-1.19826	-0.711932	0.291894	0.764974	0.775954	0.649163	-0.754309	-0.0799215	
0.114463	-0.501042	-0.45964	0.291553	-0.328777	-0.45639	-0.904941	-0.471089	
0.889922	0.783045	2.04999	1.13267	-1.78456	0.485694	-0.136725	-1.51043	
0.307806	-0.116818	-0.03188	0.106395	-0.0349857	-0.224126	-1.22625	-0.0663034	
-0.560554	1.08412	1.10868	1.02727	0.858748	1.2948	-0.517266	0.870416	
0.879819	0.421553	-0.815542	0.96139	-0.635287	-0.538907	1.19868	-0.584886	
-1.#IND	-1.#IND	-1.#IND	-1.#IND	-1.#IND	-1.#IND	-1.#IND	-1.#IND	
-1.#IND	-1.#IND	-1.#IND	-1.#IND	-1.#IND	-1.#IND	-1.#IND	-1.#IND	
1.19249	0.273753	0.464338	-0.26163	-0.686031	0.501326	0.0346293	0.536298	
-1.#IND	-1.#IND	-1.#IND	-1.#IND	-1.#IND	-1.#IND	-1.#IND	-1.#IND	
-1.#IND	-1.#IND	-1.#IND	-1.#IND	-1.#IND	-1.#IND	-1.#IND	-1.#IND	
213.636
-0.955634	2.02873	-0.997594	-0.429124	0.611649	1.58624	-2.09441	-0.912426	
-1.1737	-0.675488	0.288306	0.848928	0.772363	0.703466	-0.728327	-0.0831147	
-0.129415	-0.325345	2.31679	0.188656	-1.50221	1.16368	2.84257	-1.02588	
1.02685	1.77661	0.0262288	-0.547944	-0.302947	-0.495499	0.700013	0.570407	
0.1401	1.06241	2.37774	-1.74584	0.369064	-0.487845	3.29354	1.19205	
-0.0591738	-0.601792	0.686719	-0.328018	0.084752	-0.25249	0.294396	0.50964	
-0.813593	2.24222	-0.417772	0.0246885	0.979829	-1.13792	0.763531	0.18392	
-0.66885	-0.700284	-0.373147	-0.250575	0.253119	-0.0238641	1.10987	0.336498	
-0.0949785	-1.43392	0.488206	-0.0179172	0.00518672	-0.331064	-0.336952	0.536611	
-0.509221	0.251344	-0.859622	0.204812	0.209917	0.758271	-1.84548	-0.532036	
0.959595	1.53014	1.47968	-0.0667995	-0.240442	1.19675	0.649637	0.62371	
0.421465	-1.44384	-0.372529	-0.358117	-0.632624	-0.0742453	-0.243433	-0.397672	
1.02441	1.32112	-0.0762191	1.23981	-0.219335	-0.160364	-0.158642	0.831469	
0.140531	-1.36462	0.0827625	0.229088	-0.185243	-0.478319	-0.242868	0.289402	
-1.#IND	-1.#IND	-1.#IND	-1.#IND	-1.#IND	-1.#IND	-1.#IND	-1.#IND	
0.397674	-1.15235	-0.990071	-0.720189	-0.56737	-0.889365	0.0175822	-0.570501	
-0.314106	-1.26292	-0.312128	0.0069568	-0.164921	-0.104083	-0.20412	-0.491205	
0.119657	1.474	-1.77112	0.868567	-0.208828	0.633697	-0.868561	-1.32045	
-1.#IND	-1.#IND	-1.#IND	-1.#IND	-1.#IND	-1.#IND	-1.#IND	-1.#IND	
-0.747124	-0.70883	1.00137	0.220345	-0.94563	0.204857	2.26422	-0.611884	
-1.#IND	-1.#IND	-1.#IND	-1.#IND	-1.#IND	-1.#IND	-1.#IND	-1.#IND	
-0.77634	-0.326526	-0.290269	0.091009	0.394851	-0.290994	-0.089478	-0.326445	
-1.16575	1.65637	-1.36338	-0.349169	0.849867	-2.36304	0.957829	-0.797746	
-1.#IND	-1.#IND	-1.#IND	-1.#IND	-1.#IND	-1.#IND	-1.#IND	-1.#IND	
0.412943	0.215078	-0.244445	-0.00591534	0.251021	-0.12587	-1.25505	0.151189	
-0.846822	2.02451	1.35527	-1.92945	0.898857	0.887807	0.642348	0.471858	
-1.#IND	-1.#IND	-1.#IND	-1.#IND	-1.#IND	-1.#IND	-1.#IND	-1.#IND	
-1.#IND	-1.#IND	-1.#IND	-1.#IND	-1.#IND	-1.#IND	-1.#IND	-1.#IND	
-0.418436	0.84495	1.44686	-1.4283	0.551908	0.213017	1.04594	0.715033	
0.439194	0.039974	0.171535	0.150533	-0.264725	-0.436109	1.10828	0.084763	
0.66587	1.74187	-1.12319	0.69222	-0.427233	0.0458548	1.05	-1.00513	
0.913136	1.3512	0.289628	-0.124737	0.527529	0.555688	-1.07263	0.508366	
0.271811	-0.315588	-0.247776	0.22462	-0.411712	-0.393054	-0.818626	-0.494759	
1.03765	0.113211	0.87356	0.0857681	-1.19074	0.377164	0.200944	-0.239769	
-0.550175	1.18452	1.0984	1.00032	0.86095	1.23458	-0.452285	0.867742	
0.963758	0.599786	-0.785938	0.942469	-0.664301	-0.585361	1.48763	-0.602438	
-0.206499	-0.836233	-0.427137	0.0490757	0.159198	-0.309109	-1.1174	0.0503214	
-1.#IND	-1.#IND	-1.#IND	-1.#IND	-1.#IND	-1.#IND	-1.#IND	-1.#IND	
-0.226882	0.825363	0.117079	-0.931977	1.27888	0.900754	1.44397	1.49988	
0.0392228	-0.531145	-0.615331	0.29909	-0.228545	-0.527613	-0.998068	-0.427254	
-1.#IND	-1.#IND	-1.#IND	-1.#IND	-1.#IND	-1.#IND	-1.#IND	-1.#IND	
0.123286	-0.491522	-1.31612	0.0028262	0.359409	-0.80338	-1.76472	-0.0202945	
214.283
-0.597204	1.84382	-1.25543	0.00343972	0.338156	1.26872	-1.68579	-1.04843	
-0.763481	-0.598509	0.368431	0.537601	0.520702	0.675617	-0.711028	0.100996	
0.131925	0.438814	2.55345	0.216699	-1.2778	1.39719	2.66357	-0.722958	
1.02685	1.77661	0.0262288	-0.547944	-0.302947	-0.495499	0.700013	0.570407	
0.0395901	0.52686	1.39384	-1.02251	0.23825	-0.272133	1.79509	0.71772	
-0.0851899	-0.571028	0.599582	-0.294541	0.0900065	-0.19871	0.167952	0.452787	
-1.00035	2.15494	-0.894926	-0.171307	0.972715	-1.80333	0.927972	-0.244772	
-0.651645	-0.52775	-0.309234	-0.357983	0.39227	0.0968418	1.23389	0.501292	
1.26941	0.22639	0.431737	-0.32447	-0.761879	0.463097	0.0632827	0.514511	
-0.509221	0.251344	-0.859622	0.204812	0.209917	0.758271	-1.84548	-0.532036	
0.486648	-1.48034	-0.333886	-0.382874	-0.669447	-0.136296	-0.205446	-0.336688	
1.02441	1.32112	-0.0762191	1.23981	-0.219335	-0.160364	-0.158642	0.831469	
0.0167606	-1.4917	0.320326	0.162544	-0.0809652	-0.436868	-0.296876	0.463557	
0.118408	-1.09528	-0.83384	-0.537861	-0.402832	-0.764541	0.0504967	-0.609187	
-0.29812	-1.35402	-0.312208	0.0270141	-0.179655	-0.0556343	-0.280319	-0.474417	
-1.#IND	-1.#IND	-1.#IND	-1.#IND	-1.#IND	-1.#IND	-1.#IND	-1.#IND	
-0.747124	-0.70883	1.00137	0.220345	-0.94563	0.204857	2.26422	-0.611884	
-0.77634	-0.326526	-0.290269	0.091009	0.394851	-0.290994	-0.089478	-0.326445	
1.05269	-0.130299	0.222449	-0.338899	-0.715687	0.291641	0.0196412	0.277363	
0.508967	0.27532	-0.083032	0.116106	0.0808622	-0.114933	-1.35147	-0.0120054	
-0.662201	2.05405	1.24847	-1.84082	1.05803	1.01351	0.732668	0.738746	
-1.#IND	-1.#IND	-1.#IND	-1.#IND	-1.#IND	-1.#IND	-1.#IND	-1.#IND	
-1.#IND	-1.#IND	-1.#IND	-1.#IND	-1.#IND	-1.#IND	-1.#IND	-1.#IND	
-1.#IND	-1.#IND	-1.#IND	-1.#IND	-1.#IND	-1.#IND	-1.#IND	-1.#IND	
-0.288012	1.33099	2.24183	-1.54265	0.657047	0.874524	1.35753	1.04555	
0.554618	1.81036	-1.22231	0.674446	-0.367151	0.188517	0.741674	-1.06519	
0.594054	1.16079	0.00213867	-0.412512	0.88766	0.561823	-0.588159	0.881153	
-1.42804	-0.718404	0.222098	0.921292	0.922266	0.62302	-0.747253	-0.184742	
0.54126	0.348592	2.17549	1.17484	-2.06953	0.399451	0.541799	-1.72552	
-0.910073	0.65655	0.733555	0.945672	0.929503	0.898786	-0.466941	0.476454	
0.76535	0.0500272	-0.500883	0.784748	-0.549256	-0.582573	1.08845	-0.325676	
-0.112275	-0.737744	-0.681132	0.0358616	0.216401	-0.45033	-1.30235	0.0301454	
0.929183	1.04325	-0.509226	0.612408	-0.561896	-0.523503	1.92973	-0.513669	
0.888374	1.60491	-0.924958	0.727769	-0.547398	-0.23947	1.66664	-0.884989	
0.134372	-0.442962	-0.464967	0.268625	-0.303477	-0.472566	-0.92466	-0.45487	
-1.#IND	-1.#IND	-1.#IND	-1.#IND	-1.#IND	-1.#IND	-1.#IND	-1.#IND	
0.986095	2.08394	1.62273	0.0474835	-0.0520948	1.36947	0.672095	0.680601	
-1.#IND	-1.#IND	-1.#IND	-1.#IND	-1.#IND	-1.#IND	-1.#IND	-1.#IND	
-0.188519	1.61245	1.2624	0.913544	0.72501	1.31351	-0.335022	1.10858	
-1.#IND	-1.#IND	-1.#IND	-1.#IND	-1.#IND	-1.#IND	-1.#IND	-1.#IND	
1.08628	1.02406	-1.0987	1.11879	-0.76347	-0.537259	1.64267	-0.87868	
-1.#IND	-1.#IND	-1.#IND	-1.#IND	-1.#IND	-1.#IND	-1.#IND	-1.#IND	
-1.#IND	-1.#IND	-1.#IND	-1.#IND	-1.#IND	-1.#IND	-1.#IND	-1.#IND	
214.926
-0.417653	1.5617	-1.50117	0.343572	0.165838	1.10173	-1.70265	-1.15085	
-0.763481	-0.598509	0.368431	0.537601	0.520702	0.675617	-0.711028	0.100996	
0.131925	0.438814	2.55345	0.216699	-1.2778	1.39719	2.66357	-0.722958	
1.02685	1.77661	0.0262288	-0.547944	-0.302947	-0.495499	0.700013	0.570407	
0.246435	0.667474	1.28158	-0.866789	0.0941605	-0.404454	2.18717	0.624976	
-0.0851899	-0.571028	0.599582	-0.294541	0.0900065	-0.19871	0.167952	0.452787	
-0.813593	2.24222	-0.417772	0.0246885	0.979829	-1.13792	0.763531	0.18392	
-0.651645	-0.52775	-0.309234	-0.357983	0.39227	0.0968418	1.23389	0.501292	
1.26941	0.22639	0.431737	-0.32447	-0.761879	0.463097	0.0632827	0.514511	
-0.509221	0.251344	-0.859622	0.204812	0.209917	0.758271	-1.84548	-0.532036	
0.486648	-1.48034	-0.333886	-0.382874	-0.669447	-0.136296	-0.205446	-0.336688	
1.02441	1.32112	-0.0762191	1.23981	-0.219335	-0.160364	-0.158642	0.831469	
0.0167606	-1.4917	0.320326	0.162544	-0.0809652	-0.436868	-0.296876	0.463557	
0.118408	-1.09528	-0.83384	-0.537861	-0.402832	-0.764541	0.0504967	-0.609187	
-0.29812	-1.35402	-0.312208	0.0270141	-0.179655	-0.0556343	-0.280319	-0.474417	
-1.#IND	-1.#IND	-1.#IND	-1.#IND	-1.#IND	-1.#IND	-1.#IND	-1.#IND	
-0.747124	-0.70883	1.00137	0.220345	-0.94563	0.204857	2.26422	-0.611884	
-0.77634	-0.326526	-0.290269	0.091009	0.394851	-0.290994	-0.089478	-0.326445	
-1.16575	1.65637	-1.36338	-0.349169	0.849867	-2.36304	0.957829	-0.797746	
1.05269	-0.130299	0.222449	-0.338899	-0.715687	0.291641	0.0196412	0.277363	
-1.#IND	-1.#IND	-1.#IND	-1.#IND	-1.#IND	-1.#IND	-1.#IND	-1.#IND	
0.508967	0.27532	-0.083032	0.116106	0.0808622	-0.114933	-1.35147	-0.0120054	
0.235355	1.98406	0.74253	-0.651905	1.15367	1.11591	1.2436	1.57438	
-1.#IND	-1.#IND	-1.#IND	-1.#IND	-1.#IND	-1.#IND	-1.#IND	-1.#IND	
-1.#IND	-1.#IND	-1.#IND	-1.#IND	-1.#IND	-1.#IND	-1.#IND	-1.#IND	
-1.#IND	-1.#IND	-1.#IND	-1.#IND	-1.#IND	-1.#IND	-1.#IND	-1.#IND	
-0.476251	1.28357	1.685	-1.5372	0.669613	0.670484	0.955516	0.760974	
0.554618	1.81036	-1.22231	0.674446	-0.367151	0.188517	0.741674	-1.06519	
0.753097	1.2508	0.0206066	-0.328105	0.811127	0.53746	-0.911937	0.780357	
-1.42804	-0.718404	0.222098	0.921292	0.922266	0.62302	-0.747253	-0.184742	
0.54126	0.348592	2.17549	1.17484	-2.06953	0.399451	0.541799	-1.72552	
-1.00224	0.649594	0.893393	1.10878	1.03088	1.13592	-0.598865	0.566696	
0.76535	0.0500272	-0.500883	0.784748	-0.549256	-0.582573	1.08845	-0.325676	
-0.112275	-0.737744	-0.681132	0.0358616	0.216401	-0.45033	-1.30235	0.0301454	
0.888374	1.60491	-0.924958	0.727769	-0.547398	-0.23947	1.66664	-0.884989	
-1.04177	2.6002	0.861327	-1.86017	0.996044	1.32608	-0.0166975	0.0870023	
0.134372	-0.442962	-0.464967	0.268625	-0.303477	-0.472566	-0.92466	-0.45487	
-1.#IND	-1.#IND	-1.#IND	-1.#IND	-1.#IND	-1.#IND	-1.#IND	-1.#IND	
1.10645	1.97734	1.61552	0.0515398	-0.106776	1.4301	0.47196	0.606468	
-1.#IND	-1.#IND	-1.#IND	-1.#IND	-1.#IND	-1.#IND	-1.#IND	-1.#IND	
-0.188519	1.61245	1.2624	0.913544	0.72501	1.31351	-0.335022	1.10858	
-1.#IND	-1.#IND	-1.#IND	-1.#IND	-1.#IND	-1.#IND	-1.#IND	-1.#IND	
1.15184	1.22633	-0.977623	1.01563	-0.757971	-0.580991	1.99843	-0.839067	
-1.#IND	-1.#IND	-1.#IND	-1.#IND	-1.#IND	-1.#IND	-1.#IND	-1.#IND	
216.71
-0.417653	1.5617	-1.50117	0.343572	0.165838	1.10173	-1.70265	-1.15085	
-0.763481	-0.598509	0.368431	0.537601	0.520702	0.675617	-0.711028	0.100996	
0.131925	0.438814	2.55345	0.216699	-1.2778	1.39719	2.66357	-0.722958	
0.246435	0.667474	1.28158	-0.866789	0.0941605	-0.404454	2.18717	0.624976	
-0.0851899	-0.571028	0.599582	-0.294541	0.0900065	-0.19871	0.167952	0.452787	
-0.813593	2.24222	-0.417772	0.0246885	0.979829	-1.13792	0.763531	0.18392	
-0.702786	-0.65969	-0.350082	-0.349504	0.283345	-0.07242	1.11895	0.345369	
0.554618	1.81036	-1.22231	0.674446	-0.367151	0.188517	0.741674	-1.06519	
0.924644	0.610708	0.61279	-0.0366836	-0.396029	0.637818	-0.0108312	0.662113	
-0.509221	0.251344	-0.859622	0.204812	0.209917	0.758271	-1.84548	-0.532036	
-0.394985	0.473881	-0.00556758	-0.837703	1.09533	0.684007	1.48631	1.28983	
0.316309	-1.6621	-0.401453	-0.341318	-0.577986	-0.211488	-0.260985	-0.404175	
0.888905	1.59641	0.119904	0.271466	-0.0961913	-0.117932	0.147765	0.804316	
0.0346094	-1.4937	0.324254	0.169103	-0.0912494	-0.455486	-0.252805	0.466218	
0.803059	-1.06005	-0.906451	-0.713857	-0.697819	-0.717493	-0.330271	-0.421484	
-0.0767176	-0.732353	-0.906879	-0.0131614	0.283711	-0.652694	-1.45373	0.0139045	
-0.289468	-1.40871	-0.187769	0.0475219	-0.0880741	0.0646023	-0.622834	-0.301851	
-0.193742	-1.26861	-0.69606	1.13443	-0.17004	0.655918	0.982726	0.212299	
-1.#IND	-1.#IND	-1.#IND	-1.#IND	-1.#IND	-1.#IND	-1.#IND	-1.#IND	
1.52598	3.04691	1.76996	0.530714	-0.498167	1.58095	0.812653	-0.307366	
-0.747124	-0.70883	1.00137	0.220345	-0.94563	0.204857	2.26422	-0.611884	
-0.316568	-0.757717	-0.467749	-0.181297	-0.139539	-0.509163	0.119037	-0.484961	
-1.13247	-0.276844	-0.299125	0.370205	0.69562	-0.252524	-0.154675	-0.407122	
-1.16575	1.65637	-1.36338	-0.349169	0.849867	-2.36304	0.957829	-0.797746	
1.29842	0.0514706	0.344274	-0.390612	-0.832669	0.387359	0.063869	0.42704	
-1.#IND	-1.#IND	-1.#IND	-1.#IND	-1.#IND	-1.#IND	-1.#IND	-1.#IND	
0.508967	0.27532	-0.083032	0.116106	0.0808622	-0.114933	-1.35147	-0.0120054	
0.598157	2.32052	2.10695	-0.580065	0.762185	1.82873	1.27534	1.43875	
-1.#IND	-1.#IND	-1.#IND	-1.#IND	-1.#IND	-1.#IND	-1.#IND	-1.#IND	
-1.#IND	-1.#IND	-1.#IND	-1.#IND	-1.#IND	-1.#IND	-1.#IND	-1.#IND	
-1.#IND	-1.#IND	-1.#IND	-1.#IND	-1.#IND	-1.#IND	-1.#IND	-1.#IND	
-0.583029	1.10638	1.53586	-1.65367	0.684798	0.393744	0.93418	0.723318	
1.04512	1.65861	-0.473284	-0.0272097	-0.522334	-0.54016	1.3784	-0.195762	
0.753097	1.2508	0.0206066	-0.328105	0.811127	0.53746	-0.911937	0.780357	
-1.42804	-0.718404	0.222098	0.921292	0.922266	0.62302	-0.747253	-0.184742	
0.54126	0.348592	2.17549	1.17484	-2.06953	0.399451	0.541799	-1.72552	
-1.00224	0.649594	0.893393	1.10878	1.03088	1.13592	-0.598865	0.566696	
0.910823	0.430952	-0.69231	0.897279	-0.637079	-0.593494	1.38727	-0.51502	
-0.983211	2.48089	0.953236	-1.85809	0.964925	1.22018	0.143899	0.16466	
0.672645	-1.22069	-0.225501	-0.404731	-0.76872	0.0164415	-0.146284	-0.268371	
0.0719746	-0.443964	-0.448393	0.308484	-0.270129	-0.444865	-0.912826	-0.432998	
-1.#IND	-1.#IND	-1.#IND	-1.#IND	-1.#IND	-1.#IND	-1.#IND	-1.#IND	
-0.188519	1.61245	1.2624	0.913544	0.72501	1.31351	-0.335022	1.10858	
-1.#IND	-1.#IND	-1.#IND	-1.#IND	-1.#IND	-1.#IND	-1.#IND	-1.#IND	
-1.#IND	-1.#IND	-1.#IND	-1.#IND	-1.#IND	-1.#IND	-1.#IND	-1.#IND	
216.066
0.855499	1.50009	0.338899	0.243452	0.191445	0.293929	-0.51468	0.584733	
0.722537	2.23858	2.59135	-0.152182	0.0413853	1.8017	1.35818	0.759355	
-1.43476	-0.748504	0.302848	0.983583	0.93729	0.746272	-0.806064	-0.139987	
-1.#IND	-1.#IND	-1.#IND	-1.#IND	-1.#IND	-1.#IND	-1.#IND	-1.#IND	
0.0914207	-1.54064	0.590117	0.0586705	-0.104113	-0.54833	0.0637294	0.606277	
1.27784	0.0793595	0.350524	-0.377047	-0.812882	0.389927	0.0647883	0.433858	
0.0605453	-1.18791	0.0189168	0.291576	-0.0998555	-0.368134	-0.383059	0.269094	
1.91661	4.00074	0.945713	0.656047	-0.275793	1.59183	0.883913	-0.434308	
-0.220273	-1.14786	0.311688	-0.0579497	0.0805524	-0.161981	-0.569248	0.398242	
-0.531059	-1.09193	-0.0645043	0.301183	0.156487	0.273197	-0.451559	-0.316891	
-0.200922	-0.273637	1.05134	0.267821	-0.887447	0.0896385	2.26621	-0.415413	
-0.242847	-0.853362	-0.379178	0.134512	0.125828	-0.198677	-1.13651	-0.00522152	
0.0962063	-0.427037	-0.590441	0.253577	-0.170697	-0.517368	-1.06197	-0.372665	
0.463831	0.135128	2.3227	0.89324	-1.98773	0.701466	1.13	-1.62952	
-1.13247	-0.276844	-0.299125	0.370205	0.69562	-0.252524	-0.154675	-0.407122	
-1.#IND	-1.#IND	-1.#IND	-1.#IND	-1.#IND	-1.#IND	-1.#IND	-1.#IND	
0.982127	1.3486	-0.83452	0.78278	-0.616626	-0.421209	1.84768	-0.773465	
0.261729	1.03022	-0.00343308	-0.66363	1.11542	0.704168	0.205411	1.18833	
-0.650855	-0.714928	-0.195322	-0.184417	0.166817	0.15339	1.32945	0.338835	
-1.#IND	-1.#IND	-1.#IND	-1.#IND	-1.#IND	-1.#IND	-1.#IND	-1.#IND	
0.119657	1.474	-1.77112	0.868567	-0.208828	0.633697	-0.868561	-1.32045	
-1.#IND	-1.#IND	-1.#IND	-1.#IND	-1.#IND	-1.#IND	-1.#IND	-1.#IND	
0.00041675	-0.473151	0.267435	-0.103404	0.133181	-0.0299521	-1.25151	0.222187	
0.0675541	-1.60244	-0.363231	-0.180654	-0.44249	-0.127772	-0.317944	-0.496597	
0.923323	0.310812	-0.791793	1.00398	-0.665063	-0.606857	1.24726	-0.5541	
0.625804	-1.12385	-0.384275	-0.508588	-0.748608	-0.232947	-0.0120363	-0.359573	
-0.237065	0.171969	0.625119	-0.792917	0.562467	0.148896	1.45657	0.922127	
1.07066	1.72422	-0.114598	-0.651612	-0.360558	-0.662233	0.747209	0.495845	
-1.#IND	-1.#IND	-1.#IND	-1.#IND	-1.#IND	-1.#IND	-1.#IND	-1.#IND	
-1.#IND	-1.#IND	-1.#IND	-1.#IND	-1.#IND	-1.#IND	-1.#IND	-1.#IND	
-1.#IND	-1.#IND	-1.#IND	-1.#IND	-1.#IND	-1.#IND	-1.#IND	-1.#IND	
-0.167467	-0.753411	-0.656229	-0.293029	-0.201371	-0.696025	0.120672	-0.520895	
0.527831	-0.873826	-1.31042	-0.474654	-0.110123	-0.818762	-1.11331	-0.100493	
-0.704621	2.19525	-0.316956	0.0806918	0.964103	-0.953056	0.573103	0.232213	
-1.20429	1.82051	-1.27507	-0.330401	0.891586	-2.30288	1.1094	-0.649706	
0.554618	1.81036	-1.22231	0.674446	-0.367151	0.188517	0.741674	-1.06519	
0.886935	0.672356	0.655244	0.00968468	-0.344317	0.683289	-0.027426	0.696856	
-0.639657	-0.63693	-0.547086	-0.29993	0.308919	-0.26281	0.736233	0.270733	
-1.#IND	-1.#IND	-1.#IND	-1.#IND	-1.#IND	-1.#IND	-1.#IND	-1.#IND	
-1.#IND	-1.#IND	-1.#IND	-1.#IND	-1.#IND	-1.#IND	-1.#IND	-1.#IND	
-1.#IND	-1.#IND	-1.#IND	-1.#IND	-1.#IND	-1.#IND	-1.#IND	-1.#IND	
-0.459633	-0.741268	-0.318508	-0.0222325	-0.112325	-0.395205	0.223462	-0.501126	
-0.803702	1.77439	1.26062	-1.77217	0.834875	0.816746	0.506067	0.456315	
-0.417697	0.784155	-0.978288	0.111281	0.296934	0.831047	-1.96877	-0.622	
-0.441705	-0.247267	-0.253877	-0.363154	0.0841581	-0.393773	-0.0152946	-0.126278	
-0.560554	1.08412	1.10868	1.02727	0.858748	1.2948	-0.517266	0.870416	
217.961
1.08934	1.69353	0.36537	0.262529	0.176539	0.340227	-0.663899	0.661792	
0.722537	2.23858	2.59135	-0.152182	0.0413853	1.8017	1.35818	0.759355	
-1.43476	-0.748504	0.302848	0.983583	0.93729	0.746272	-0.806064	-0.139987	
-1.#IND	-1.#IND	-1.#IND	-1.#IND	-1.#IND	-1.#IND	-1.#IND	-1.#IND	
0.0971892	-1.48959	0.489862	0.1189	-0.118448	-0.519965	-0.0050467	0.542162	
-0.836449	0.48424	0.779835	0.968968	0.870951	1.03888	-0.579617	0.51347	
1.27784	0.0793595	0.350524	-0.377047	-0.812882	0.389927	0.0647883	0.433858	
1.91661	4.00074	0.945713	0.656047	-0.275793	1.59183	0.883913	-0.434308	
-0.146328	-1.23218	0.150598	0.0867142	0.0324471	-0.234534	-0.631999	0.34824	
-0.531059	-1.09193	-0.0645043	0.301183	0.156487	0.273197	-0.451559	-0.316891	
-0.200922	-0.273637	1.05134	0.267821	-0.887447	0.0896385	2.26621	-0.415413	
-0.242847	-0.853362	-0.379178	0.134512	0.125828	-0.198677	-1.13651	-0.00522152	
0.252716	-0.0207699	-0.318464	0.246778	-0.10055	-0.185913	-0.958413	-0.250988	
0.463831	0.135128	2.3227	0.89324	-1.98773	0.701466	1.13	-1.62952	
-1.13247	-0.276844	-0.299125	0.370205	0.69562	-0.252524	-0.154675	-0.407122	
0.261729	1.03022	-0.00343308	-0.66363	1.11542	0.704168	0.205411	1.18833	
-0.665611	-0.731729	-0.366167	-0.22033	0.221725	-0.0263891	1.09924	0.308212	
-1.#IND	-1.#IND	-1.#IND	-1.#IND	-1.#IND	-1.#IND	-1.#IND	-1.#IND	
0.119657	1.474	-1.77112	0.868567	-0.208828	0.633697	-0.868561	-1.32045	
-1.#IND	-1.#IND	-1.#IND	-1.#IND	-1.#IND	-1.#IND	-1.#IND	-1.#IND	
0.353415	-0.301236	0.288612	0.004638	0.0626876	-0.176511	-1.67625	0.163416	
0.0948302	-0.457422	-1.01505	0.067582	0.171582	-0.68262	-1.42938	-0.125628	
0.0758823	-1.68015	-0.385896	-0.211747	-0.438812	-0.115727	-0.323176	-0.492671	
0.950052	0.782535	-0.811214	0.903433	-0.643046	-0.522472	1.52018	-0.653811	
0.625804	-1.12385	-0.384275	-0.508588	-0.748608	-0.232947	-0.0120363	-0.359573	
-0.571089	0.070482	-0.0179451	-0.674398	0.759409	0.473644	1.61703	0.95173	
1.07066	1.72422	-0.114598	-0.651612	-0.360558	-0.662233	0.747209	0.495845	
-1.#IND	-1.#IND	-1.#IND	-1.#IND	-1.#IND	-1.#IND	-1.#IND	-1.#IND	
-1.#IND	-1.#IND	-1.#IND	-1.#IND	-1.#IND	-1.#IND	-1.#IND	-1.#IND	
-1.#IND	-1.#IND	-1.#IND	-1.#IND	-1.#IND	-1.#IND	-1.#IND	-1.#IND	
-0.272557	-0.664824	-0.597566	-0.290555	-0.0788221	-0.593514	0.128829	-0.342473	
1.16263	-1.15803	-1.37217	-0.814045	-0.66186	-0.945533	-1.07612	-0.331945	
-0.704621	2.19525	-0.316956	0.0806918	0.964103	-0.953056	0.573103	0.232213	
-1.20429	1.82051	-1.27507	-0.330401	0.891586	-2.30288	1.1094	-0.649706	
0.554618	1.81036	-1.22231	0.674446	-0.367151	0.188517	0.741674	-1.06519	
0.886935	0.672356	0.655244	0.00968468	-0.344317	0.683289	-0.027426	0.696856	
-0.099596	0.378954	1.44332	-1.10168	0.319732	-0.180084	1.47381	0.777852	
-1.#IND	-1.#IND	-1.#IND	-1.#IND	-1.#IND	-1.#IND	-1.#IND	-1.#IND	
-1.#IND	-1.#IND	-1.#IND	-1.#IND	-1.#IND	-1.#IND	-1.#IND	-1.#IND	
-1.#IND	-1.#IND	-1.#IND	-1.#IND	-1.#IND	-1.#IND	-1.#IND	-1.#IND	
-0.459633	-0.741268	-0.318508	-0.0222325	-0.112325	-0.395205	0.223462	-0.501126	
-0.896412	2.12852	1.23265	-1.90331	0.920586	0.987997	0.453978	0.382986	
-0.664266	0.92466	-1.14744	0.124996	0.316823	1.11863	-2.16117	-0.815737	
-0.188519	1.61245	1.2624	0.913544	0.72501	1.31351	-0.335022	1.10858	
-1.#IND	-1.#IND	-1.#IND	-1.#IND	-1.#IND	-1.#IND	-1.#IND	-1.#IND	
-0.230138	-0.412728	0.47016	-0.337575	0.170688	0.00244594	-0.198345	0.352145	
0.0357707	-0.503928	-0.382912	0.327469	-0.362409	-0.488716	-0.785138	-0.508477	
217.961
1.08934	1.69353	0.36537	0.262529	0.176539	0.340227	-0.663899	0.661792	
0.722537	2.23858	2.59135	-0.152182	0.0413853	1.8017	1.35818	0.759355	
-1.43476	-0.748504	0.302848	0.983583	0.93729	0.746272	-0.806064	-0.139987	
-1.#IND	-1.#IND	-1.#IND	-1.#IND	-1.#IND	-1.#IND	-1.#IND	-1.#IND	
0.0971892	-1.48959	0.489862	0.1189	-0.118448	-0.519965	-0.0050467	0.542162	
-0.836449	0.48424	0.779835	0.968968	0.870951	1.03888	-0.579617	0.51347	
1.27784	0.0793595	0.350524	-0.377047	-0.812882	0.389927	0.0647883	0.433858	
1.91661	4.00074	0.945713	0.656047	-0.275793	1.59183	0.883913	-0.434308	
-0.146328	-1.23218	0.150598	0.0867142	0.0324471	-0.234534	-0.631999	0.34824	
-0.531059	-1.09193	-0.0645043	0.301183	0.156487	0.273197	-0.451559	-0.316891	
-0.200922	-0.273637	1.05134	0.267821	-0.887447	0.0896385	2.26621	-0.415413	
-0.242847	-0.853362	-0.379178	0.134512	0.125828	-0.198677	-1.13651	-0.00522152	
0.252716	-0.0207699	-0.318464	0.246778	-0.10055	-0.185913	-0.958413	-0.250988	
0.463831	0.135128	2.3227	0.89324	-1.98773	0.701466	1.13	-1.62952	
-1.13247	-0.276844	-0.299125	0.370205	0.69562	-0.252524	-0.154675	-0.407122	
0.261729	1.03022	-0.00343308	-0.66363	1.11542	0.704168	0.205411	1.18833	
-0.665611	-0.731729	-0.366167	-0.22033	0.221725	-0.0263891	1.09924	0.308212	
-1.#IND	-1.#IND	-1.#IND	-1.#IND	-1.#IND	-1.#IND	-1.#IND	-1.#IND	
0.119657	1.474	-1.77112	0.868567	-0.208828	0.633697	-0.868561	-1.32045	
-1.#IND	-1.#IND	-1.#IND	-1.#IND	-1.#IND	-1.#IND	-1.#IND	-1.#IND	
0.353415	-0.301236	0.288612	0.004638	0.0626876	-0.176511	-1.67625	0.163416	
0.0948302	-0.457422	-1.01505	0.067582	0.171582	-0.68262	-1.42938	-0.125628	
0.0758823	-1.68015	-0.385896	-0.211747	-0.438812	-0.115727	-0.323176	-0.492671	
0.950052	0.782535	-0.811214	0.903433	-0.643046	-0.522472	1.52018	-0.653811	
0.625804	-1.12385	-0.384275	-0.508588	-0.748608	-0.232947	-0.0120363	-0.359573	
-0.571089	0.070482	-0.0179451	-0.674398	0.759409	0.473644	1.61703	0.95173	
1.07066	1.72422	-0.114598	-0.651612	-0.360558	-0.662233	0.747209	0.495845	
-1.#IND	-1.#IND	-1.#IND	-1.#IND	-1.#IND	-1.#IND	-1.#IND	-1.#IND	
-1.#IND	-1.#IND	-1.#IND	-1.#IND	-1.#IND	-1.#IND	-1.#IND	-1.#IND	
-1.#IND	-1.#IND	-1.#IND	-1.#IND	-1.#IND	-1.#IND	-1.#IND	-1.#IND	
-0.272557	-0.664824	-0.597566	-0.290555	-0.0788221	-0.593514	0.128829	-0.342473	
1.16263	-1.15803	-1.37217	-0.814045	-0.66186	-0.945533	-1.07612	-0.331945	
-0.704621	2.19525	-0.316956	0.0806918	0.964103	-0.953056	0.573103	0.232213	
-1.20429	1.82051	-1.27507	-0.330401	0.891586	-2.30288	1.1094	-0.649706	
0.554618	1.81036	-1.22231	0.674446	-0.367151	0.188517	0.741674	-1.06519	
0.886935	0.672356	0.655244	0.00968468	-0.344317	0.683289	-0.027426	0.696856	
-0.099596	0.378954	1.44332	-1.10168	0.319732	-0.180084	1.47381	0.777852	
-1.#IND	-1.#IND	-1.#IND	-1.#IND	-1.#IND	-1.#IND	-1.#IND	-1.#IND	
-1.#IND	-1.#IND	-1.#IND	-1.#IND	-1.#IND	-1.#IND	-1.#IND	-1.#IND	
-1.#IND	-1.#IND	-1.#IND	-1.#IND	-1.#IND	-1.#IND	-1.#IND	-1.#IND	
-0.459633	-0.741268	-0.318508	-0.0222325	-0.112325	-0.395205	0.223462	-0.501126	
-0.896412	2.12852	1.23265	-1.90331	0.920586	0.987997	0.453978	0.382986	
-0.664266	0.92466	-1.14744	0.124996	0.316823	1.11863	-2.16117	-0.815737	
-0.188519	1.61245	1.2624	0.913544	0.72501	1.31351	-0.335022	1.10858	
-1.#IND	-1.#IND	-1.#IND	-1.#IND	-1.#IND	-1.#IND	-1.#IND	-1.#IND	
-0.230138	-0.412728	0.47016	-0.337575	0.170688	0.00244594	-0.198345	0.352145	
0.0357707	-0.503928	-0.382912	0.327469	-0.362409	-0.488716	-0.785138	-0.508477	
-1.#IND	-1.#IND	-1.#IND	-1.#IND	-1.#IND	-1.#IND	-1.#IND	-1.#IND	
215.952
1.77483	2.75356	0.629952	-0.304599	1.10204	1.19836	-1.89969	1.11137	
0.773012	1.78748	1.9842	-0.0717367	-0.0607907	1.46181	0.892206	0.777439	
-1.43476	-0.748504	0.302848	0.983583	0.93729	0.746272	-0.806064	-0.139987	
-1.#IND	-1.#IND	-1.#IND	-1.#IND	-1.#IND	-1.#IND	-1.#IND	-1.#IND	
-0.836449	0.48424	0.779835	0.968968	0.870951	1.03888	-0.579617	0.51347	
1.91661	4.00074	0.945713	0.656047	-0.275793	1.59183	0.883913	-0.434308	
0.0379354	-1.42267	0.414917	0.11128	-0.0868263	-0.450643	-0.129209	0.492047	
-0.531059	-1.09193	-0.0645043	0.301183	0.156487	0.273197	-0.451559	-0.316891	
-0.136453	-0.309874	1.00333	0.148543	-0.70477	-0.0079118	1.98159	-0.223659	
-0.124381	-0.897805	-0.250845	0.0597633	0.0725136	-0.333891	-0.981472	0.117759	
0.35827	0.0466806	-0.137873	0.208382	-0.118542	-0.23242	-1.10968	-0.226487	
0.463831	0.135128	2.3227	0.89324	-1.98773	0.701466	1.13	-1.62952	
-1.13247	-0.276844	-0.299125	0.370205	0.69562	-0.252524	-0.154675	-0.407122	
0.24223	0.499413	-0.284066	-0.339859	0.665671	0.207009	-0.418061	0.614851	
-0.665611	-0.731729	-0.366167	-0.22033	0.221725	-0.0263891	1.09924	0.308212	
-1.#IND	-1.#IND	-1.#IND	-1.#IND	-1.#IND	-1.#IND	-1.#IND	-1.#IND	
0.409631	1.69824	-1.40524	0.739153	-0.314376	0.336911	0.204929	-1.15028	
-1.#IND	-1.#IND	-1.#IND	-1.#IND	-1.#IND	-1.#IND	-1.#IND	-1.#IND	
-0.243621	-0.891874	0.275294	-0.118565	0.145656	-0.0266112	-0.875519	0.334952	
0.0675541	-1.60244	-0.363231	-0.180654	-0.44249	-0.127772	-0.317944	-0.496597	
0.950052	0.782535	-0.811214	0.903433	-0.643046	-0.522472	1.52018	-0.653811	
0.625804	-1.12385	-0.384275	-0.508588	-0.748608	-0.232947	-0.0120363	-0.359573	
-0.571089	0.070482	-0.0179451	-0.674398	0.759409	0.473644	1.61703	0.95173	
1.08917	2.19221	0.0536632	-0.0946755	-0.178552	-0.461412	0.580578	0.823291	
-1.#IND	-1.#IND	-1.#IND	-1.#IND	-1.#IND	-1.#IND	-1.#IND	-1.#IND	
-1.#IND	-1.#IND	-1.#IND	-1.#IND	-1.#IND	-1.#IND	-1.#IND	-1.#IND	
-1.#IND	-1.#IND	-1.#IND	-1.#IND	-1.#IND	-1.#IND	-1.#IND	-1.#IND	
-0.272557	-0.664824	-0.597566	-0.290555	-0.0788221	-0.593514	0.128829	-0.342473	
1.16263	-1.15803	-1.37217	-0.814045	-0.66186	-0.945533	-1.07612	-0.331945	
-0.704621	2.19525	-0.316956	0.0806918	0.964103	-0.953056	0.573103	0.232213	
-1.20429	1.82051	-1.27507	-0.330401	0.891586	-2.30288	1.1094	-0.649706	
1.2103	0.129111	0.374659	-0.328405	-0.749281	0.416337	0.0513804	0.449834	
0.281228	1.56103	0.2772	-0.987402	1.56516	1.20133	0.828882	1.7618	
-1.#IND	-1.#IND	-1.#IND	-1.#IND	-1.#IND	-1.#IND	-1.#IND	-1.#IND	
-0.459633	-0.741268	-0.318508	-0.0222325	-0.112325	-0.395205	0.223462	-0.501126	
-0.983211	2.48089	0.953236	-1.85809	0.964925	1.22018	0.143899	0.16466	
-0.722593	1.09715	-1.26296	0.123518	0.350186	1.2405	-2.32384	-0.9133	
0.0835082	1.70692	1.59403	1.03316	0.625442	1.75679	-0.482227	1.39742	
-1.#IND	-1.#IND	-1.#IND	-1.#IND	-1.#IND	-1.#IND	-1.#IND	-1.#IND	
0.0440172	-0.536971	-0.763604	0.196886	-0.0861392	-0.625604	-1.13689	-0.320388	
-0.400621	0.749166	1.4217	-1.37099	0.521423	0.175731	1.01649	0.70945	
-1.#IND	-1.#IND	-1.#IND	-1.#IND	-1.#IND	-1.#IND	-1.#IND	-1.#IND	
0.900988	0.717685	-0.0798641	-0.560604	-0.509933	-0.396107	0.509553	0.195169	
-1.#IND	-1.#IND	-1.#IND	-1.#IND	-1.#IND	-1.#IND	-1.#IND	-1.#IND	
-0.369871	1.54948	1.04131	0.8338	0.791388	1.01798	-0.236885	0.916019	
-0.259388	-0.496997	-0.51301	0.287857	0.106926	0.106233	-0.981557	-0.182994	
-1.#IND	-1.#IND	-1.#IND	-1.#IND	-1.#IND	-1.#IND	-1.#IND	-1.#IND	
-1.#IND	-1.#IND	-1.#IND	-1.#IND	-1.#IND	-1.#IND	-1.#IND	-1.#IND	
-1.#IND	-1.#IND	-1.#IND	-1.#IND	-1.#IND	-1.#IND	-1.#IND	-1.#IND	
216.967
1.39186	2.51541	0.522245	0.364497	0.133602	0.700316	-0.165798	0.594296	
0.773012	1.78748	1.9842	-0.0717367	-0.0607907	1.46181	0.892206	0.777439	
-1.54782	-0.742916	0.298299	1.03694	1.01844	0.746022	-0.830091	-0.157084	
-1.#IND	-1.#IND	-1.#IND	-1.#IND	-1.#IND	-1.#IND	-1.#IND	-1.#IND	
-1.01435	0.651228	0.692434	0.973032	1.00278	0.859047	-0.471477	0.430341	
-0.990139	0.64796	1.09435	1.24454	1.05897	1.41279	-0.726252	0.703052	
-0.220273	-1.14786	0.311688	-0.0579497	0.0805524	-0.161981	-0.569248	0.398242	
-1.#IND	-1.#IND	-1.#IND	-1.#IND	-1.#IND	-1.#IND	-1.#IND	-1.#IND	
-0.623228	-1.30655	-0.171361	0.278992	0.155234	0.18151	-0.472404	-0.44099	
0.33327	-0.124958	0.384789	-0.00916757	-0.167837	-0.423444	1.01989	0.237628	
-0.242847	-0.853362	-0.379178	0.134512	0.125828	-0.198677	-1.13651	-0.00522152	
-0.390948	0.835233	-0.871684	0.136587	0.243741	0.879666	-1.91572	-0.656761	
0.463831	0.135128	2.3227	0.89324	-1.98773	0.701466	1.13	-1.62952	
-0.513992	-0.0373617	2.08001	-0.325208	-0.883759	0.247642	3.38061	-0.213043	
-1.13247	-0.276844	-0.299125	0.370205	0.69562	-0.252524	-0.154675	-0.407122	
0.991032	1.55595	-0.986565	0.83962	-0.627912	-0.344789	1.8054	-0.899184	
0.24223	0.499413	-0.284066	-0.339859	0.665671	0.207009	-0.418061	0.614851	
-0.654102	-0.677655	-0.325393	-0.236747	0.227693	-0.00506353	1.12088	0.319308	
-1.#IND	-1.#IND	-1.#IND	-1.#IND	-1.#IND	-1.#IND	-1.#IND	-1.#IND	
0.284445	1.51935	-1.33693	0.66222	-0.240384	0.396831	-0.0728852	-1.07478	
-1.#IND	-1.#IND	-1.#IND	-1.#IND	-1.#IND	-1.#IND	-1.#IND	-1.#IND	
-1.#IND	-1.#IND	-1.#IND	-1.#IND	-1.#IND	-1.#IND	-1.#IND	-1.#IND	
-0.228024	-0.628297	0.249658	-0.183328	0.180309	0.0245495	-0.935414	0.283306	
0.0395214	-1.63606	-0.412331	-0.197573	-0.417305	-0.0661763	-0.346599	-0.532685	
0.923323	0.310812	-0.791793	1.00398	-0.665063	-0.606857	1.24726	-0.5541	
0.625804	-1.12385	-0.384275	-0.508588	-0.748608	-0.232947	-0.0120363	-0.359573	
-0.425472	-0.540631	0.268319	0.472903	0.280199	0.618355	-0.524798	0.0648234	
-1.#IND	-1.#IND	-1.#IND	-1.#IND	-1.#IND	-1.#IND	-1.#IND	-1.#IND	
-0.439446	0.249017	0.110235	-0.746065	0.842878	0.511173	1.46468	1.05479	
1.07066	1.72422	-0.114598	-0.651612	-0.360558	-0.662233	0.747209	0.495845	
-1.#IND	-1.#IND	-1.#IND	-1.#IND	-1.#IND	-1.#IND	-1.#IND	-1.#IND	
-1.#IND	-1.#IND	-1.#IND	-1.#IND	-1.#IND	-1.#IND	-1.#IND	-1.#IND	
-1.#IND	-1.#IND	-1.#IND	-1.#IND	-1.#IND	-1.#IND	-1.#IND	-1.#IND	
1.16263	-1.15803	-1.37217	-0.814045	-0.66186	-0.945533	-1.07612	-0.331945	
-0.704621	2.19525	-0.316956	0.0806918	0.964103	-0.953056	0.573103	0.232213	
0.104967	-1.57978	0.596497	-0.0344212	-0.127869	-0.553907	0.0705771	0.592163	
-1.20429	1.82051	-1.27507	-0.330401	0.891586	-2.30288	1.1094	-0.649706	
-0.175453	-1.15561	-1.06987	-0.616449	-0.348855	-1.16179	0.281463	-0.942303	
1.2103	0.129111	0.374659	-0.328405	-0.749281	0.416337	0.0513804	0.449834	
0.281228	1.56103	0.2772	-0.987402	1.56516	1.20133	0.828882	1.7618	
-1.#IND	-1.#IND	-1.#IND	-1.#IND	-1.#IND	-1.#IND	-1.#IND	-1.#IND	
0.173082	-0.272628	-0.233115	0.314779	-0.30469	-0.338725	-0.93957	-0.431491	
0.115226	-0.373843	-1.05315	-0.0019705	0.298342	-0.636392	-1.44089	-0.00294506	
-0.390371	-0.58035	-0.339961	-0.0749205	-0.0280653	-0.35229	0.137987	-0.271842	
-1.#IND	-1.#IND	-1.#IND	-1.#IND	-1.#IND	-1.#IND	-1.#IND	-1.#IND	
-0.803702	1.77439	1.26062	-1.77217	0.834875	0.816746	0.506067	0.456315	
-0.188519	1.61245	1.2624	0.913544	0.72501	1.31351	-0.335022	1.10858	
-1.#IND	-1.#IND	-1.#IND	-1.#IND	-1.#IND	-1.#IND	-1.#IND	-1.#IND	
0.0722556	-1.12039	0.023676	0.286327	-0.1069	-0.360251	-0.328604	0.253585	
0.0286595	-0.578402	-0.637956	0.274982	-0.224582	-0.595036	-1.00735	-0.422139	
