230 8
-0.910474 2.28623 3.01724 0.236541 1.78159 2.48175 0.579442 1.16621 
0.127343 -2.37641 -0.0846127 -1.21494 -0.497241 -0.116393 -0.701651 -0.651941 
-1.00465 -0.111749 -1.02729 -0.722308 0.684466 -0.674886 -2.24897 0.84329 
-0.275889 2.83856 3.02832 1.25595 2.13255 2.57414 0.380133 0.778969 
-0.461803 -2.13533 -0.305794 -1.0379 -0.234482 -0.232857 -0.906267 -0.729551 
-0.918227 -1.56944 -1.50674 -0.925774 -0.0199589 -0.321421 -1.87179 -0.173325 
0.181558 -0.327356 1.4853 0.906477 0.737947 0.722281 -0.168076 0.463874 
-1.08856 3.7653 -2.12231 0.229586 0.578883 -1.43865 2.46169 -0.977466 
0.498378 0.271393 -0.40799 0.647596 -0.464107 0.376094 2.57317 -0.297291 
-0.676019 3.81803 2.07394 0.427771 1.84168 2.57353 0.873761 0.408153 
2.1405 -1.39779 6.19527 0.562242 -1.06356 1.45631 0.748713 -2.09773 
-0.0559994 -0.407036 -1.05033 0.120696 -0.518497 0.144301 1.78608 -0.809356 
-0.183115 -0.815327 1.7981 0.553607 0.729548 0.834218 -0.181906 0.846494 
1.45659 2.96928 0.193231 1.00778 -0.0439175 0.211649 1.88402 0.971433 
-0.456212 -1.42453 -0.533524 -0.662986 -0.148015 -0.0573308 -1.50129 -0.298397 
-0.643167 2.88278 2.57527 0.655963 1.90251 2.5359 0.69296 0.722132 
1.54715 0.9095 -0.377013 -0.587375 -0.650045 -0.34149 1.88504 -0.158577 
1.79954 -3.05057 3.97388 -0.179661 -1.64035 1.51657 -0.0971255 -2.33592 
0.542231 -3.43016 1.01784 0.875594 -0.154247 -0.579672 -0.932651 0.614541 
0.235196 -2.02564 -0.0478915 -1.07807 -0.47593 -0.0982857 -0.458812 -0.526818 
0.4331 0.159847 -1.28681 0.808386 -0.705439 0.449922 3.8111 -0.573738 
-0.79273 -0.751278 -0.0160382 -1.00938 -0.328055 -0.097656 0.075957 0.526363 
-0.174725 1.13417 0.0924514 0.654267 0.291054 0.0830969 0.194985 0.34009 
1.64136 2.06987 5.42709 0.707336 0.575494 0.470305 -0.737227 0.974221 
-0.461719 -2.11794 1.77101 0.131976 0.405909 0.508663 -0.423104 1.16825 
0.235088 -1.92921 0.43945 -0.568982 -0.322064 0.291197 -0.935009 -0.0337275 
2.39345 -0.285111 3.55977 1.08819 -1.40139 1.44989 3.41733 -1.70011 
0.547978 -0.265049 0.93559 1.08423 0.560095 0.375706 -0.258148 0.05411 
-0.188976 -2.66801 0.454065 -0.71559 -0.262923 0.296321 -1.53225 -0.189499 
-0.304825 -1.84608 -0.596544 -0.631608 -0.451136 0.156479 -0.860982 -0.642679 
-0.292896 -1.91918 -0.118639 -0.503931 -0.50564 -0.552042 -0.343105 0.412211 
-0.545004 -1.18403 -0.974788 -1.1827 -0.249313 -0.717273 0.0584675 -1.10951 
0.141541 0.447181 -0.720526 0.559304 -0.310414 0.204654 2.30535 -0.261329 
3.06129 1.6991 -3.57143 2.0863 -0.977982 -2.16236 -0.332144 -3.10887 
-1.10237 -0.779971 0.334194 0.363201 0.423042 0.258797 -1.38271 0.0744327 
-2.88769 1.35293 -3.02534 -1.33672 0.656447 -2.00043 -0.0733837 -2.02579 
1.97627 2.23631 -2.40348 1.30249 -0.567765 -1.19468 0.155324 -2.20218 
-2.08623 -0.505761 -0.793551 -0.0388037 0.628507 -0.440779 -1.20354 -0.687005 
-1.03137 -2.00221 -0.285391 -1.07348 -0.0643809 0.187263 -1.11609 0.166055 
-0.129037 -0.576276 -0.625325 0.865652 0.788466 -0.0191736 -0.637941 0.607642 
-0.54652 -2.46117 -0.0398787 -0.904659 -0.191941 -0.0557788 -1.27947 -0.568754 
-0.270534 2.41465 -0.660232 0.76882 0.885316 -0.480414 0.964895 1.41548 
-0.213357 -1.62143 -1.01339 -0.850924 -0.908649 -1.03173 -0.294375 0.0183956 
-4.24711 1.19831 -4.72988 -1.65753 0.864852 -2.93666 0.732631 -3.31128 
-0.447376 -0.0135011 -0.0125591 -0.420231 0.433096 -0.350144 -1.64973 0.471405 
2.13342 -0.215 -1.55827 1.71504 -0.700742 -1.53361 -0.433224 -1.56694 
-1.23246 0.800923 0.358926 1.23207 0.800044 0.365443 -1.0453 0.607516 
2.99329 -1.1885 3.68038 1.19984 -2.45283 2.08455 5.58777 -3.23567 
-2.68392 -1.01256 -2.74265 -4.60716 -2.08076 -1.39376 0.526978 0.658898 
-2.61783 2.7431 -1.46694 -0.582256 0.597175 -2.31273 2.50093 -3.84404 
1.6769 5.7356 -0.327964 2.15275 1.62368 -1.75254 -2.81845 0.173049 
0.337794 -2.08308 -0.0497454 1.16714 0.083435 -0.883417 -0.567955 -0.469401 
0.826271 -2.42851 -3.48116 -2.78224 -0.899662 -1.14353 0.19073 0.00667363 
1.56837 -1.38362 -0.35459 -2.79894 -0.443227 -1.33129 -1.84051 -0.0434153 
-0.372082 -1.7413 -0.162589 -0.471142 -0.423172 -0.426853 -0.405235 0.382587 
0.249697 -2.71754 0.787491 -0.956598 -0.525905 0.178261 -1.00046 -0.551613 
-0.0984847 -0.24007 -1.41341 0.311513 -0.415887 0.292338 2.22715 0.0550759 
0.964474 -0.81865 -1.21562 0.466514 -0.856842 -1.28786 -0.261837 -0.716952 
-2.03777 -0.238818 -0.150341 0.358679 0.726921 -0.241112 -1.1372 -0.610033 
-0.357343 -0.713252 -0.202798 -0.541373 0.120671 -0.223562 -1.46941 0.0545143 
-0.34974 0.584038 1.43166 0.396297 1.01137 1.21283 0.0365302 0.527616 
-1.78538 -0.409433 0.0135474 0.624515 0.761836 0.0983526 -1.50874 0.121595 
-2.23858 3.0677 -3.70726 -0.399877 0.496085 -1.9573 2.50008 -2.30605 
-1.01083 3.6927 1.49955 -0.270031 1.66935 2.24966 0.800811 0.42772 
-0.627117 0.984307 -0.492716 0.213256 0.32618 -0.359615 0.394315 -0.297453 
-0.205736 1.14224 -0.373438 0.332972 0.647083 -0.33728 -0.241696 0.963711 
-2.72756 1.45781 -2.33185 -4.13833 -1.2056 -0.424828 0.781524 0.493471 
1.36915 0.821788 -0.313854 -0.354995 -0.462742 -0.146763 1.36565 0.155898 
2.47396 3.24942 5.6475 1.88674 -0.0435394 0.857702 1.4752 -0.849774 
-0.206687 -0.395699 0.947541 0.27133 0.535121 0.630508 -0.17285 0.404126 
-0.768393 -1.69851 0.644174 0.127462 0.191377 0.442466 -1.76249 0.180844 
-0.466661 -1.16504 -0.715584 -0.630242 -0.0973963 -0.133839 -0.894522 -0.213642 
2.14659 2.41712 -2.10363 1.29231 -0.787315 -1.58304 0.506953 -1.92586 
-1.89837 -1.81056 0.245031 -0.810574 0.234008 -0.627882 -0.783429 -2.07041 
-0.99675 -0.966852 0.506016 -0.729554 0.315213 0.380433 -0.822571 0.837256 
0.343196 -3.06917 -0.301323 1.08648 -0.559607 -1.16423 -1.11078 0.268881 
-0.459569 2.90113 1.11232 2.75095 1.10614 1.12565 -0.587482 2.09606 
0.16269 0.182218 -0.968044 0.706382 -0.442405 0.453965 2.96372 0.138076 
-1.37441 -1.46522 -4.8002 -4.10224 -3.56314 -3.43474 0.54081 -0.420884 
1.11373 -2.3589 -0.79408 -2.06844 -1.04639 -0.536908 0.370379 -0.903651 
1.55177 -0.344652 4.81324 -0.253419 -0.518859 0.564309 -2.15996 -1.867 
-2.98271 2.25919 -2.07324 -4.39205 -1.08502 0.209962 1.4321 0.45995 
1.32213 2.01476 -0.751654 0.36418 -0.200917 -0.0523057 1.391 0.863519 
0.659306 4.21553 4.23827 1.3919 1.87745 0.0641164 0.21407 3.09825 
1.66091 1.26174 -0.349278 1.18353 -0.754859 -0.918032 1.55234 1.15788 
0.88342 -3.04468 -1.1661 -1.59183 -0.706497 0.0450056 -1.04231 0.882771 
0.759489 -1.37797 -0.0389249 0.679063 -0.686167 1.12833 2.08035 0.904041 
-2.90195 1.8474 -2.33728 -4.47482 -1.33897 -0.0828053 1.34898 0.341915 
1.2184 -1.82385 0.423725 -0.729526 -0.701235 0.397847 -0.503202 0.409648 
-0.611434 -1.92511 -0.89446 -0.989052 -0.334759 -0.146483 -1.36979 -0.751024 
0.327748 1.49381 -0.614426 0.0486833 -0.0657398 -0.184112 0.291262 -0.467703 
0.984272 0.0751665 0.664883 0.367265 -0.222174 0.536595 -0.0232304 0.84901 
2.22896 -0.0633815 6.31087 0.268575 -0.911389 1.08426 -0.960282 -2.42178 
-2.48854 0.368966 -2.863 -4.37407 -2.04043 -0.964876 1.24453 0.20137 
-0.0891399 -2.59421 0.474644 -0.750899 -0.326976 0.345346 -1.50385 -0.115473 
-0.0654887 -0.310659 -0.207714 -0.0489208 -0.0926867 0.0356905 0.172046 -0.0933506 
0.100227 -3.12253 0.662111 0.487453 -0.187033 -0.392451 -0.686624 0.571643 
-0.55699 -3.285 0.297379 -1.06707 -0.294961 0.197826 -1.92136 -0.476285 
-1.0595 -1.40317 -2.48283 -0.730842 0.0713584 -0.424043 -0.629514 0.240949 
-0.370719 -4.4512 0.435576 -0.00252315 -0.488148 -0.627295 -0.981247 0.788654 
2.5516 -0.0302529 0.618171 -0.249799 -0.911087 0.539653 0.977951 1.00404 
-1.09802 -1.68302 -2.25542 -1.00416 0.115758 -0.51174 -1.65416 0.124155 
0.326699 -1.95021 0.741095 0.926278 0.234394 -0.0920736 -0.759635 0.302215 
0.761322 -1.59484 0.103795 -0.839438 -0.570733 0.110352 -0.292915 -0.0740713 
1.42935 5.94323 3.94238 1.98167 1.49725 -0.258611 0.812784 1.66964 
-0.139764 -1.03351 0.659121 0.22484 0.264946 0.214797 -0.365989 0.406514 
1.59242 -2.14165 0.172775 -1.24794 -0.976244 0.232127 -0.155454 0.112815 
-0.0946404 -1.21897 -0.358238 -0.114103 -0.495593 0.323918 0.733682 -0.510739 
-0.261728 -0.0319671 1.13699 0.314245 0.720901 0.832852 -0.172673 0.494762 
0.476074 5.25156 2.62151 4.45532 1.3197 1.9536 0.163337 3.32854 
0.0630836 4.86482 1.23902 0.148669 2.18891 -1.51842 -3.75237 2.12973 
-2.75177 0.611226 -1.98854 -4.42624 -1.64559 -0.393634 1.49372 0.653338 
2.63219 2.35857 1.36698 1.66639 -0.317839 1.26723 1.20229 2.4098 
-0.209842 -0.430603 -0.0826985 -0.686016 0.0281045 -0.318298 -1.61458 -0.468377 
-0.361465 -0.442389 -0.468973 -0.688947 -0.455394 -0.381794 0.137788 0.124944 
-0.632041 -0.872325 0.815682 0.39417 0.264954 0.453832 -1.21112 0.141457 
-0.185411 -1.29763 -0.0177216 -0.774838 -0.350271 -0.0594807 -1.50696 -1.01757 
-0.950777 -0.778524 0.855086 -0.685871 0.296753 0.647126 -0.0856425 0.825847 
2.66156 5.35306 -1.57211 -0.219622 -0.695408 -1.33706 5.71194 -0.545329 
-0.622412 -1.21055 -1.30126 -0.946979 -0.0870996 -0.450595 -1.78394 -0.629174 
1.39885 -0.0390013 -0.074716 1.70902 0.153022 -0.554736 -0.515351 -0.617464 
0.400559 -1.13238 -0.336937 -1.10531 -0.487669 -0.417596 0.329003 -0.751631 
-0.080297 -0.941655 0.20312 -0.419806 -0.263109 0.0909721 -0.932069 -0.653343 
0.195535 -1.43477 0.907742 0.840893 0.435712 0.176451 -0.666768 0.36372 
0.00426702 -2.34709 -0.248429 -1.2949 -0.441771 -0.310116 -0.578269 -0.782807 
0.173576 1.76403 -0.516957 1.53062 0.299912 0.506927 4.21771 1.9715 
2.81587 4.59904 -2.26051 2.10009 -0.365104 -1.35539 0.688737 -2.41166 
2.52326 0.0107354 1.529 -0.0157893 -0.89767 0.809751 0.958438 0.800636 
-0.478471 -0.788894 -0.749668 -0.512896 -0.0152837 -0.143555 -0.923922 -0.152634 
0.849456 2.23516 0.563116 1.39102 0.898755 0.772514 0.174732 -0.525273 
-0.960413 3.86479 1.60304 3.65165 1.47904 1.54823 -0.897 2.46866 
0.741434 5.80081 0.208364 1.81403 1.75548 -0.924363 2.35754 2.97187 
0.0295691 -3.51504 0.471815 0.383079 -0.342084 -0.815211 -1.0035 0.713409 
-0.74924 -0.857868 -0.335685 -0.39721 0.110444 -0.258827 -0.564034 -0.477675 
0.0485346 -0.694021 -0.0182611 0.182522 -0.39278 0.400586 0.902465 -0.197929 
0.305446 -0.998774 0.14901 0.555974 -0.0288035 -0.270691 -0.393899 0.050194 
-2.62729 2.2222 1.02176 3.91628 2.14593 1.59177 -2.88433 2.88759 
-0.0617896 -0.274853 -0.290344 0.0717705 -0.129423 0.117121 0.485642 0.0271311 
2.9255 5.56754 -1.54394 2.78134 0.406513 -0.166205 0.857132 -2.73193 
-1.02693 1.04481 -0.0249694 0.686355 0.541155 -0.0939013 -0.0526282 -0.0971216 
-0.754149 -1.43721 -1.40712 -1.03338 -0.0847291 -0.426723 -2.25131 -0.685819 
0.265799 -1.61417 0.815128 0.855771 0.232288 -0.0449226 -0.572993 0.439299 
1.26629 1.12157 1.24616 1.03567 -0.0940644 0.841636 0.457895 1.17618 
-0.752382 -1.0762 -1.74931 -0.685766 -0.0264291 -0.373975 -1.12537 -0.221065 
2.01997 0.56175 -1.25275 1.84591 -0.460826 -1.01395 0.0737699 -1.55953 
-3.72551 -0.819914 0.929263 2.46166 1.90462 0.911765 -3.8229 1.35924 
-0.475039 1.09538 -1.10674 -0.141848 0.725921 -0.706639 -0.495963 0.942997 
2.23091 1.59558 -2.65642 1.22041 -1.19019 -1.67769 0.712196 -2.29489 
-3.74817 -1.29616 0.570258 1.65396 1.65459 0.539991 -3.69188 0.625122 
-1.22348 -0.990918 -2.47309 -1.1335 0.34473 -0.86002 -2.38504 -0.0430018 
-0.610456 -3.88541 1.7522 0.478058 0.388453 0.26112 -1.20979 1.43096 
1.81274 -0.223699 0.580925 -0.191758 -0.657014 0.462882 0.645143 0.643058 
-0.225939 -1.0475 -0.699396 -0.167547 -0.35805 0.201901 0.119644 -0.281724 
3.83143 2.60606 -2.24015 3.12815 -0.867407 -2.12885 0.677473 -2.76697 
0.0361607 0.879176 1.74237 1.96572 0.557048 1.22968 -0.89662 1.71256 
1.18914 2.75454 4.50462 1.28295 1.19208 -0.109827 0.0541593 1.94556 
1.3349 -1.1169 0.528906 1.80592 -0.339247 -0.695681 1.20359 0.247 
-0.215912 -2.56836 0.148097 -0.838326 -0.230551 0.0537751 -1.37659 -0.290517 
-0.164606 -0.905456 -1.58831 0.421211 -0.593271 0.501395 2.33817 0.057731 
0.0145118 -1.11484 0.840554 0.517388 0.303553 0.271291 -0.316133 0.424521 
-3.47414 4.80496 -1.96863 0.965772 1.56925 -1.69052 1.79006 -2.03448 
-0.312599 -1.53694 -0.621049 -0.464595 -0.44832 0.170208 -0.80153 -0.680801 
-0.6177 -1.90887 1.87032 0.270768 0.659366 0.851708 -0.434032 1.16593 
-0.681794 -2.36832 0.268326 -0.893047 -0.127148 -0.0106169 -1.32248 -0.723271 
-0.324339 -0.405585 -2.46173 0.482172 -0.420816 0.22431 2.92653 0.323679 
-2.55771 0.530635 -1.72558 -4.66177 -1.69428 -0.788847 1.16662 0.715856 
0.733855 0.835048 0.540433 0.646369 -0.0434819 0.450125 0.331462 0.754442 
-1.02085 -0.587464 -2.40148 -0.788985 0.321617 -0.710778 -1.39128 0.192307 
-0.0701244 -2.81841 0.875092 0.55393 -0.0447533 -0.0703946 -0.451772 0.685266 
-0.0246986 4.2723 -2.59745 0.0368987 0.181529 -1.31599 3.62165 -0.768761 
-0.801279 -0.706595 1.10252 -1.03985 0.572694 -0.279033 -3.12722 0.541313 
2.48563 -3.12596 0.717687 0.280076 -0.264571 -0.125688 0.0181236 -0.998643 
1.93782 0.433971 0.63092 0.174445 -0.614277 0.564421 0.808051 0.985289 
-0.0608529 -1.03324 -0.534226 -0.0561456 -0.456675 0.303246 0.412348 -0.455514 
-0.27798 -1.98514 -0.0819575 -0.489142 -0.552709 -0.53271 -0.185856 0.336397 
-0.191067 0.0575478 0.476235 0.898792 0.366705 0.65031 -0.893438 1.20838 
1.50129 4.89813 1.72966 1.63503 0.517879 0.283192 1.9186 1.59171 
1.18489 -0.144555 -0.465153 1.15681 -0.133452 -0.561468 -0.178066 -0.774078 
2.56929 0.308954 0.815438 -0.0260781 -0.870766 0.646464 1.14183 1.01212 
-0.901509 -2.08741 -1.32921 -1.07124 -0.210336 -0.165345 -2.17981 -0.555593 
-3.18531 5.7799 0.673171 -3.83531 0.62396 1.65492 1.50929 1.68874 
-0.989447 1.54346 -3.33228 -1.67528 -0.038317 -2.19451 2.36026 -2.27929 
-0.27675 -1.58905 -0.105628 -0.554881 -0.329865 0.177963 -1.27064 -0.558506 
-2.4757 2.47153 -1.71505 -4.07559 -1.09757 0.297526 1.68638 0.281346 
-0.387326 -3.06178 -1.51422 -2.70418 -0.773282 -1.28142 -0.0180004 -2.38679 
0.539573 0.0359501 -1.56287 1.19872 -0.832099 0.621048 4.84442 -0.213712 
-1.29479 4.74171 2.88294 0.0790761 2.53374 3.59487 0.539812 0.718839 
1.4645 -0.0596195 0.595575 -0.0365789 -0.516081 0.4681 0.395856 0.620719 
-0.279853 -0.742375 -1.6455 -0.0275699 -0.356473 0.0215363 1.15051 -0.298748 
1.48225 5.14268 0.971307 2.16566 1.76189 2.27779 1.27065 -1.54585 
2.84983 0.512409 0.980496 0.0523219 -0.905553 0.757123 1.21903 1.17592 
-0.530819 -1.47226 -0.586496 -0.689854 -0.155786 -0.0132996 -1.54914 -0.288243 
0.268384 -2.35019 1.47501 1.10547 0.408722 0.103241 -0.646362 0.741875 
2.04758 0.27789 0.679811 -0.0557361 -0.689944 0.512958 0.890887 0.756957 
-0.408508 -1.39426 -0.297785 -0.608952 -0.17932 0.0465251 -1.47333 -0.349703 
-0.425089 -0.757064 0.431281 -0.392764 -0.034412 0.125577 0.0366614 0.466421 
-1.25607 -0.913907 0.919118 0.847628 0.644256 0.630837 -2.02247 0.544396 
-0.00648069 -1.34935 0.163343 -0.313794 -0.446255 0.32972 -0.520647 -0.627966 
0.290255 1.58608 -0.601629 0.020828 0.0241759 -0.0047896 0.231309 -0.576292 
1.13764 -1.82164 -0.176176 -1.42772 -0.876358 -0.165183 0.207783 -0.563738 
-2.18357 -1.62078 -1.17766 -1.57787 0.664729 -0.161314 -1.60115 1.58025 
-0.143641 -0.476818 -0.433967 0.0229629 0.00502287 0.80513 0.261144 -0.825499 
1.00243 -2.9059 0.321853 -1.43388 -0.869695 0.161313 -0.744036 -0.410587 
0.0467712 -0.373236 -1.23208 0.289472 -0.453777 0.182836 1.9905 -0.360872 
2.83092 0.853644 -2.14093 2.39654 -0.622032 -1.99863 -0.746293 -2.16727 
-3.4531 -1.19502 1.10863 1.67938 1.6023 0.734877 -3.78922 0.528839 
-0.476152 -0.318111 -0.399468 -0.458431 0.255398 -0.240218 -1.30652 0.308323 
-0.429769 -1.00751 0.288405 -0.385675 -0.126084 -0.0464711 -0.0649038 0.477137 
-2.19302 -0.31576 0.63015 1.27098 1.11532 0.469956 -2.26826 0.392217 
-0.490685 -1.14729 -0.30177 -0.659657 -0.000195032 -0.0895422 -1.75877 -0.11581 
0.48612 -0.243464 -1.50439 -0.115291 -0.723097 -1.01367 -0.122309 -0.733313 
1.09118 -2.45996 0.22135 -1.38964 -0.874458 0.0948344 -0.345201 -0.389845 
0.432742 -0.281331 -0.637904 0.536382 -0.640384 0.420442 2.53577 -0.595577 
-0.535513 -0.867178 1.40124 -0.0458274 0.428252 0.61273 -0.0852573 0.906877 
-0.530154 0.729127 1.02854 1.46683 0.648872 0.791733 -1.04952 1.1067 
0.578824 2.33631 -0.540456 1.22213 0.178396 -0.0445074 3.72977 0.710483 
0.538479 0.527372 1.42577 1.25613 0.91162 0.803276 -0.134217 0.135998 
-1.40903 -2.1371 -0.0963164 -0.492811 0.251441 -0.0864689 -1.7296 -0.647133 
-0.579274 -0.92541 0.125987 -0.401502 -0.136442 0.436673 0.824711 0.32602 
0.554265 -1.81458 0.31399 -0.0202674 -0.66438 -0.0536317 -0.587162 0.542293 
-1.52491 -1.43287 -1.32066 -0.386992 0.484402 -0.230606 -1.74476 0.411821 
-0.250872 0.2026 0.968985 -0.365115 0.550004 -0.213006 -2.26003 0.653333 
0.367472 -1.821 0.855114 0.794249 0.136742 -0.0962073 -0.537245 0.403956 
2.18559 1.0556 1.03755 0.497675 -0.52629 0.723311 1.12522 1.17481 
-1.74937 -1.34205 -2.70465 -1.40224 0.54938 -0.922033 -3.04155 0.454384 
-0.722208 -1.28889 -0.280327 -1.0519 -0.540067 -0.369671 -0.0258304 0.473045 
-2.12554 1.88404 1.06433 2.74152 1.6067 0.926505 -1.92386 1.46165 
0.236216 2.38858 -0.96643 1.02514 0.384134 -0.245159 3.2851 0.972533 
1.56741 0.915764 -1.62548 1.18225 -0.340435 -0.990727 -0.181543 -1.541 
2.10148 -0.42121 0.803533 -0.357943 -0.801403 0.474322 0.771402 0.566824 
