9 8
2.4751 2.0793 -2.37226 1.80847 -0.659382 -1.52617 0.113752 -2.29995 
-0.431811 4.31771 1.4207 0.208174 1.59175 2.18668 0.852339 -0.0154991 
-2.00937 1.32041 -2.18259 -3.52824 -1.38107 -0.631994 0.956613 0.17671 
-1.85438 2.1937 -2.5479 -0.787672 0.441325 -1.90137 1.83979 -2.25196 
2.02352 3.74736 0.374298 1.37412 -0.133522 0.356801 2.40989 1.40148 
-2.94075 1.90915 0.775895 2.73436 1.75338 0.720653 -1.8633 1.04445 
1.62644 -0.208771 4.38816 0.564774 -0.788148 1.00653 0.477297 -1.70352 
0.894103 1.54929 0.0591671 1.61254 -0.290223 0.601137 4.4439 0.487318 
0.563894 3.67496 2.0122 0.770021 1.43194 -0.692353 -1.26115 1.72824 
