30.020561
69.913467
40.036148
34.978027
22.008190
34.014069
29.979988
34.055676
42.999313
35.025032
72.920311
35.044918
37.986500
22.018232
38.009350
29.990347
32.030994
32.002739
35.012077
47.941242
35.066956
72.949509
58.978302
54.989635
45.011993
62.964760
40.011738
40.017166
77.940353
45.012909
43.989262
43.006351
83.986900
49.012501
55.981552
35.014900
30.013344
45.923397
35.073078
47.937939
61.961815
49.995537
36.986263
36.027737
35.000847
35.022263
72.918297
40.035786
46.928204
47.954834
36.011257
71.976822
46.993149
34.993454
30.005957
25.937752
30.102577
35.974491
25.003498
35.012333
42.027859
67.936409
35.017757
34.993885
41.961304
50.032879
44.974991
45.003784
51.993633
72.945663
58.067768
71.987793
25.010241
37.908733
35.087276
31.983372
26.012100
39.007973
73.997429
71.952301
45.004044
40.008835
46.956673
36.064678
29.995644
20.025278
39.007965
37.992905
38.009804
31.002094
34.993717
33.961163
45.055267
46.972679
28.003323
38.008408
42.012352
60.968792
40.012272
79.981323
45.128345
47.994530
30.052404
51.981445
40.988636
70.039627
45.033154
40.002228
69.986549
52.092155
49.992603
48.012241
28.043457
52.992619
35.037247
31.985355
29.987480
36.115242
42.037853
40.094254
34.993877
20.025448
39.006927
36.995342
59.020351
55.009914
39.985893
32.987148
50.038704
84.998909
30.029146
50.993382
37.975018
39.049076
44.998837
59.992580
38.053860
40.045486
42.007149
40.038254
59.986320
81.026535
80.891106
35.009647
34.958935
33.999477
77.964722
79.665993
46.049194
39.804134
55.357014
79.875587
69.822838
33.080490
33.871658
35.480709
20.029045
19.973927
20.960676
28.989544
31.032869
34.991528
34.985996
34.974056
45.037971
29.980158
21.011576
35.010578
37.026512
57.966286
35.011345
49.978619
36.029060
45.032688
46.004158
30.045458
54.991432
37.973560
38.040119
39.998314
35.022568
54.943573
40.042973
30.066263
55.975040
37.998306
81.045815
63.062321
43.993958
40.035122
75.938889
50.014381
49.980083
42.007538
49.996162
37.977379
50.048672
50.000301
39.953449
50.988586
78.961372
44.952415
46.967274
39.006752
81.962860
73.013794
72.004913
35.010853
46.953560
40.045906
32.003086
25.039083
47.997433
35.986908
39.019001
35.000824
69.984970
52.086441
50.009865
44.837044
20.051928
40.890434
40.038586
39.985676
29.987389
39.009712
24.981930
35.064266
40.021652
57.030937
69.979752
41.033627
63.958420
38.012787
49.900383
22.068615
80.961395
38.940002
24.975792
25.018173
70.936272
41.036060
51.995770
39.953003
57.986370
81.946976
53.962505
45.002674
40.983505
64.196510
79.938339
39.906929
48.900288
43.888885
53.066971
30.048044
30.066587
33.040627
35.992512
57.959351
35.019806
39.948006
54.007294
81.958633
29.965736
30.006390
35.010651
34.986858
34.008698
30.000454
49.996960
52.994572
49.998249
34.975189
41.985832
45.001034
82.945641
50.016499
54.998096
39.927917
42.020145
79.962669
29.984484
21.030008
39.008160
40.992245
48.009308
40.003418
29.989754
27.956011
34.076431
29.988018
15.043679
38.009602
25.000080
38.010029
30.002365
24.975464
19.951666
35.089989
32.945713
45.969299
35.008404
24.986067
32.025879
29.999144
35.001915
35.954998
34.068840
34.963928
30.007896
36.009392
63.932716
72.120079
84.999283
35.001129
41.956017
40.053974
30.950502
29.005007
30.014130
42.008545
48.977901
34.005943
35.014950
49.947800
40.049858
37.026184
75.932541
79.971413
37.885300
39.203693
75.987015
34.936573
46.003304
77.971420
32.962692
62.940929
49.993206
38.967278
37.041328
39.997597
39.980530
41.981285
50.022774
34.998344
31.015327
49.998985
40.976929
36.016781
34.998516
29.997332
44.946037
45.052265
71.897354
79.898216
37.999062
31.977570
33.026779
32.997734
50.009266
43.985783
36.032295
41.956669
31.004852
35.009884
42.979691
41.016575
38.000072
35.006847
39.949139
35.067524
36.969143
22.026583
34.011467
42.031269
75.984482
50.015282
80.012863
64.065483
49.930046
29.939428
45.965843
36.007198
35.981403
40.023739
36.999771
50.031166
60.979916
40.013790
41.034008
62.963634
79.973869
40.966034
75.109947
75.010849
29.981430
24.944197
35.087418
42.985657
30.016109
45.002762
44.005413
51.986084
38.005650
39.996361
39.966732
40.048473
35.075981
47.011620
84.970383
40.996063
50.005314
40.004372
80.040092
73.064140
44.931004
47.995396
41.997604
54.992767
30.971375
30.030210
31.994770
35.003029
37.945442
35.071823
34.967751
49.970203
48.996117
29.984915
37.019089
32.998562
60.002094
44.022549
40.003532
32.087364
24.064482
74.978699
31.969231
46.063168
47.002010
69.985672
46.066338
49.959316
35.084000
20.076872
69.979897
22.965881
29.049698
32.994438
19.996141
27.895138
30.123024
33.941948
41.973511
37.007912
38.999336
45.994377
35.002518
80.011940
50.087700
39.954182
31.009094
45.996994
59.986683
62.960155
72.005234
39.974804
55.307465
39.983261
35.204575
31.985706
20.035393
38.006439
37.035942
57.952129
32.009186
35.003342
41.944180
38.068924
83.012451
57.979820
69.981255
38.990662
39.999058
32.999016
25.007416
40.905731
35.100384
34.991695
20.038086
40.005203
32.043495
60.950245
32.011196
34.930023
45.000488
77.968666
38.968342
45.979794
47.997902
24.975779
36.036129
34.997875
29.991957
31.922598
35.099121
72.840759
63.997635
34.875587
29.211288
44.922020
29.884714
28.021206
27.892179
30.133026
34.938274
46.965374
40.005260
41.005356
47.987144
35.002693
34.973976
33.950542
45.064034
34.994133
52.991070
42.003639
74.659615
73.647926
71.783310
50.003208
42.994831
40.031853
32.921879
47.979874
36.008347
31.975834
30.044874
30.005764
34.992004
82.997917
75.929802
72.934631
41.988251
38.006729
40.981602
38.026855
35.003380
39.943413
58.016365
77.933701
46.953579
15.003309
25.016680
42.068981
73.891533
34.007652
35.063446
85.947800
44.999157
34.946224
41.990746
40.004944
35.016659
50.977592
33.006348
60.075912
82.024208
39.959919
31.914618
49.977287
36.008144
36.974789
36.040283
35.002960
30.007437
34.909744
30.118433
34.928196
45.983150
38.006863
38.974533
37.038761
36.002411
34.988956
42.948338
45.055656
33.030277
29.023886
55.992100
43.990631
43.010151
36.002712
50.001736
54.009666
49.991188
36.938568
28.992126
30.012383
26.268726
29.592266
25.643570
37.164295
45.094765
45.017487
29.954479
21.999733
30.012085
39.010155
56.978672
35.007561
69.989098
42.069828
39.988724
33.098526
21.050856
69.981438
36.989384
40.023350
42.000687
35.001823
40.948196
45.058624
38.055561
30.036419
62.985458
37.988892
36.023056
38.001122
49.992783
40.012497
50.011372
31.946308
24.995777
30.011768
44.010181
60.973221
36.007195
30.006744
44.921082
40.079102
36.012020
42.017166
58.989868
43.008278
72.977982
50.005581
40.006714
52.951096
35.059174
38.017456
20.025013
45.998081
48.965027
37.017811
35.016457
37.618851
37.245766
33.227856
29.978865
23.034683
47.989418
42.975380
38.043564
49.996628
35.005997
36.976688
35.044174
34.981846
51.978817
42.005207
19.989735
25.034893
33.001762
34.998280
37.983059
50.019230
40.009949
45.039234
74.978348
39.008846
69.981483
50.006546
59.994011
46.024544
45.012814
32.980633
41.980183
35.009510
